cell_#,angle_of_attachment,aspect_ratio,number_of_cells,cumulative_overlap,cumulative_squared_overlap,max_overlap_of_single_cell,generation_#
0,1.570796,1.700000,1,0,0,0,0
1,1.570796,1.700000,2,0.000000,0.000000,0.000000,1
2,1.570796,1.700000,3,0.000000,0.000000,0.000000,2
3,1.570796,1.700000,4,0.000000,0.000000,0.000000,2
4,1.570796,1.700000,5,0.850104,0.722677,0.850104,3
5,1.570796,1.700000,6,0.850104,0.722677,0.850104,3
6,1.570796,1.700000,7,0.850104,0.722677,0.850104,3
7,1.570796,1.700000,8,1.700208,1.445354,0.850104,4
8,1.570796,1.700000,9,7.009759,38.664022,6.159655,4
9,1.570796,1.700000,10,7.009759,38.664022,6.159655,4
10,1.570796,1.700000,11,7.009759,38.664022,11.356283,4
11,1.570796,1.700000,12,7.009759,38.664022,11.356283,4
12,1.570796,1.700000,13,7.009759,38.664022,11.356283,4
13,1.570796,1.700000,14,25.374885,205.117819,11.356283,5
14,1.570796,1.700000,15,25.374885,205.117819,11.356283,5
15,1.570796,1.700000,16,25.374885,205.117819,11.356283,5
16,1.570796,1.700000,17,25.374885,205.117819,11.356283,5
17,1.570796,1.700000,18,25.374885,205.117819,11.356283,5
18,1.570796,1.700000,19,29.712642,267.649372,11.356283,5
19,1.570796,1.700000,20,29.712642,267.649372,11.356283,5
20,1.570796,1.700000,21,29.712642,267.649372,11.356283,5
21,1.570796,1.700000,22,29.712642,267.649372,11.356283,5
22,1.570796,1.700000,23,29.712642,267.649372,11.356283,5
23,1.570796,1.700000,24,36.812486,290.846008,11.356283,6
24,1.570796,1.700000,25,37.786480,291.794674,11.356283,6
25,1.570796,1.700000,26,38.764872,308.349071,11.356283,6
26,1.570796,1.700000,27,47.310417,395.414368,11.356283,6
27,1.570796,1.700000,28,57.897328,519.775698,13.321259,6
28,1.570796,1.700000,29,58.855450,520.693696,13.321259,6
29,1.570796,1.700000,30,58.855450,520.693696,13.321259,6
30,1.570796,1.700000,31,59.809247,521.603424,13.321259,6
31,1.570796,1.700000,32,59.809247,521.603424,13.321259,6
32,1.570796,1.700000,33,59.809247,521.603424,13.321259,6
33,1.570796,1.700000,34,59.809247,521.603424,13.321259,6
34,1.570796,1.700000,35,59.809247,521.603424,13.321259,6
35,1.570796,1.700000,36,59.809247,521.603424,13.321259,6
36,1.570796,1.700000,37,59.809247,521.603424,13.321259,6
37,1.570796,1.700000,38,59.809247,521.603424,13.321259,6
38,1.570796,1.700000,39,61.707342,561.171034,13.321259,6
39,1.570796,1.700000,40,61.707342,561.171034,13.321259,6
40,1.570796,1.700000,41,61.707342,561.171034,13.321259,6
41,1.570796,1.700000,42,61.707342,561.171034,13.321259,6
42,1.570796,1.700000,43,61.707342,561.171034,13.321259,6
43,1.570796,1.700000,44,98.110052,838.624676,13.321259,7
44,1.570796,1.700000,45,98.110052,838.624676,13.321259,7
45,1.570796,1.700000,46,109.146319,1003.630743,15.063811,7
46,1.570796,1.700000,47,114.539785,1135.899816,15.139300,7
47,1.570796,1.700000,48,114.539785,1135.899816,15.139300,7
48,1.570796,1.700000,49,115.487785,1138.606918,15.139300,7
49,1.570796,1.700000,50,116.375073,1139.394199,15.139300,7
50,1.570796,1.700000,51,122.833272,1173.115883,15.139300,7
51,1.570796,1.700000,52,125.590991,1180.720898,15.139300,7
52,1.570796,1.700000,53,125.590991,1180.720898,15.139300,7
53,1.570796,1.700000,54,125.590991,1180.720898,15.139300,7
54,1.570796,1.700000,55,125.590991,1180.720898,15.139300,7
55,1.570796,1.700000,56,125.590991,1180.720898,15.139300,7
56,1.570796,1.700000,57,125.590991,1180.720898,15.139300,7
57,1.570796,1.700000,58,125.590991,1180.720898,15.139300,7
58,1.570796,1.700000,59,125.590991,1180.720898,15.139300,7
59,1.570796,1.700000,60,125.590991,1180.720898,15.139300,7
60,1.570796,1.700000,61,131.020935,1248.119520,15.139300,7
61,1.570796,1.700000,62,131.020935,1248.119520,15.139300,7
62,1.570796,1.700000,63,134.658220,1281.410591,15.139300,7
63,1.570796,1.700000,64,134.658220,1281.410591,15.139300,7
64,1.570796,1.700000,65,134.658220,1281.410591,15.139300,7
65,1.570796,1.700000,66,134.658220,1281.410591,15.139300,7
66,1.570796,1.700000,67,134.658220,1281.410591,15.139300,7
67,1.570796,1.700000,68,134.658220,1281.410591,15.139300,7
68,1.570796,1.700000,69,134.658220,1281.410591,15.139300,7
69,1.570796,1.700000,70,134.658220,1281.410591,15.139300,7
70,1.570796,1.700000,71,134.658220,1281.410591,15.139300,7
71,1.570796,1.700000,72,134.658220,1281.410591,15.139300,7
72,1.570796,1.700000,73,134.658220,1281.410591,15.139300,7
73,1.570796,1.700000,74,134.658220,1281.410591,15.139300,7
74,1.570796,1.700000,75,134.658220,1281.410591,15.139300,7
75,1.570796,1.700000,76,180.496378,1653.663562,15.139300,8
76,1.570796,1.700000,77,190.452529,1917.043268,21.263682,8
77,1.570796,1.700000,78,198.210679,2065.817624,21.263682,8
78,1.570796,1.700000,79,206.932519,2198.821072,21.263682,8
79,1.570796,1.700000,80,220.340300,2312.513644,21.263682,8
80,1.570796,1.700000,81,223.893157,2325.136435,21.263682,8
81,1.570796,1.700000,82,223.893157,2325.136435,21.263682,8
82,1.570796,1.700000,83,223.893157,2325.136435,21.263682,8
83,1.570796,1.700000,84,227.600848,2338.883408,21.263682,8
84,1.570796,1.700000,85,231.991089,2490.425140,21.263682,8
85,1.570796,1.700000,86,239.409404,2544.587495,21.263682,8
86,1.570796,1.700000,87,239.409404,2544.587495,21.263682,8
87,1.570796,1.700000,88,239.409404,2544.587495,21.263682,8
88,1.570796,1.700000,89,239.409404,2544.587495,21.263682,8
89,1.570796,1.700000,90,243.973894,2580.278301,21.263682,8
90,1.570796,1.700000,91,243.973894,2580.278301,21.263682,8
91,1.570796,1.700000,92,250.205077,2619.105942,21.263682,8
92,1.570796,1.700000,93,250.205077,2619.105942,21.263682,8
93,1.570796,1.700000,94,254.682991,2690.280646,21.263682,8
94,1.570796,1.700000,95,255.578950,2691.083390,21.263682,8
95,1.570796,1.700000,96,255.578950,2691.083390,21.263682,8
96,1.570796,1.700000,97,255.578950,2691.083390,21.263682,8
97,1.570796,1.700000,98,255.578950,2691.083390,21.263682,8
98,1.570796,1.700000,99,255.578950,2691.083390,21.263682,8
99,1.570796,1.700000,100,255.578950,2691.083390,21.263682,8
100,1.570796,1.700000,101,255.578950,2691.083390,21.263682,8
101,1.570796,1.700000,102,262.707339,2757.449648,21.263682,8
102,1.570796,1.700000,103,262.707339,2757.449648,21.263682,8
103,1.570796,1.700000,104,262.707339,2757.449648,21.263682,8
104,1.570796,1.700000,105,262.707339,2757.449648,21.263682,8
105,1.570796,1.700000,106,262.707339,2757.449648,21.263682,8
106,1.570796,1.700000,107,262.707339,2757.449648,21.263682,8
107,1.570796,1.700000,108,262.707339,2757.449648,21.263682,8
108,1.570796,1.700000,109,262.707339,2757.449648,21.263682,8
109,1.570796,1.700000,110,262.707339,2757.449648,21.263682,8
110,1.570796,1.700000,111,262.707339,2757.449648,21.263682,8
111,1.570796,1.700000,112,262.707339,2757.449648,21.263682,8
112,1.570796,1.700000,113,262.707339,2757.449648,21.263682,8
113,1.570796,1.700000,114,262.707339,2757.449648,21.263682,8
114,1.570796,1.700000,115,262.707339,2757.449648,21.263682,8
115,1.570796,1.700000,116,262.707339,2757.449648,21.263682,8
116,1.570796,1.700000,117,262.707339,2757.449648,21.263682,8
117,1.570796,1.700000,118,262.707339,2757.449648,21.263682,8
118,1.570796,1.700000,119,262.707339,2757.449648,21.263682,8
119,1.570796,1.700000,120,262.707339,2757.449648,21.263682,8
120,1.570796,1.700000,121,262.707339,2757.449648,21.263682,8
121,1.570796,1.700000,122,262.707339,2757.449648,21.263682,8
122,1.570796,1.700000,123,262.707339,2757.449648,21.263682,8
123,1.570796,1.700000,124,262.707339,2757.449648,21.263682,8
124,1.570796,1.700000,125,262.707339,2757.449648,21.263682,8
125,1.570796,1.700000,126,262.707339,2757.449648,21.263682,8
126,1.570796,1.700000,127,262.707339,2757.449648,21.263682,8
127,1.570796,1.700000,128,262.707339,2757.449648,21.263682,8
128,1.570796,1.700000,129,326.740489,3202.532144,21.263682,9
129,1.570796,1.700000,130,332.801793,3324.965719,21.263682,9
130,1.570796,1.700000,131,341.188015,3410.559866,21.263682,9
131,1.570796,1.700000,132,348.736457,3565.403955,21.263682,9
132,1.570796,1.700000,133,348.736457,3565.403955,21.263682,9
133,1.570796,1.700000,134,368.377839,3929.356564,21.263682,9
134,1.570796,1.700000,135,371.256272,3948.397339,21.263682,9
135,1.570796,1.700000,136,372.111674,3955.207292,21.263682,9
136,1.570796,1.700000,137,372.111674,3955.207292,21.263682,9
137,1.570796,1.700000,138,373.893342,3983.782481,21.263682,9
138,1.570796,1.700000,139,378.371596,3997.027020,21.263682,9
139,1.570796,1.700000,140,378.371596,3997.027020,21.263682,9
140,1.570796,1.700000,141,385.023266,4041.271735,21.263682,9
141,1.570796,1.700000,142,390.616415,4183.998479,21.263682,9
142,1.570796,1.700000,143,398.456307,4391.227459,21.263682,9
143,1.570796,1.700000,144,401.303034,4400.798320,21.263682,9
144,1.570796,1.700000,145,401.303034,4400.798320,21.263682,9
145,1.570796,1.700000,146,407.547459,4439.791171,21.263682,9
146,1.570796,1.700000,147,419.968814,4506.882289,21.263682,9
147,1.570796,1.700000,148,419.968814,4506.882289,21.263682,9
148,1.570796,1.700000,149,425.501490,4602.817150,21.263682,9
149,1.570796,1.700000,150,425.501490,4602.817150,21.263682,9
150,1.570796,1.700000,151,425.501490,4602.817150,21.263682,9
151,1.570796,1.700000,152,425.501490,4602.817150,21.263682,9
152,1.570796,1.700000,153,429.276037,4771.205769,24.193080,9
153,1.570796,1.700000,154,450.200181,5338.794108,25.898469,9
154,1.570796,1.700000,155,455.728622,5369.357769,25.898469,9
155,1.570796,1.700000,156,455.728622,5369.357769,25.898469,9
156,1.570796,1.700000,157,455.728622,5369.357769,25.898469,9
157,1.570796,1.700000,158,462.144396,5410.519926,25.898469,9
158,1.570796,1.700000,159,468.111345,5446.124401,25.898469,9
159,1.570796,1.700000,160,468.111345,5446.124401,25.898469,9
160,1.570796,1.700000,161,475.134629,5508.036082,25.898469,9
161,1.570796,1.700000,162,475.134629,5508.036082,25.898469,9
162,1.570796,1.700000,163,475.134629,5508.036082,25.898469,9
163,1.570796,1.700000,164,475.134629,5508.036082,25.898469,9
164,1.570796,1.700000,165,479.920432,5520.082358,25.898469,9
165,1.570796,1.700000,166,479.920432,5520.082358,25.898469,9
166,1.570796,1.700000,167,483.723483,5534.545561,25.898469,9
167,1.570796,1.700000,168,483.723483,5534.545561,25.898469,9
168,1.570796,1.700000,169,483.723483,5534.545561,25.898469,9
169,1.570796,1.700000,170,483.723483,5534.545561,25.898469,9
170,1.570796,1.700000,171,483.723483,5534.545561,25.898469,9
171,1.570796,1.700000,172,483.723483,5534.545561,25.898469,9
172,1.570796,1.700000,173,483.723483,5534.545561,25.898469,9
173,1.570796,1.700000,174,483.723483,5534.545561,25.898469,9
174,1.570796,1.700000,175,483.723483,5534.545561,25.898469,9
175,1.570796,1.700000,176,483.723483,5534.545561,25.898469,9
176,1.570796,1.700000,177,487.162174,5546.370153,25.898469,9
177,1.570796,1.700000,178,494.707786,5596.765409,25.898469,9
178,1.570796,1.700000,179,494.707786,5596.765409,25.898469,9
179,1.570796,1.700000,180,496.663277,5634.434002,25.898469,9
180,1.570796,1.700000,181,496.663277,5634.434002,25.898469,9
181,1.570796,1.700000,182,496.663277,5634.434002,25.898469,9
182,1.570796,1.700000,183,496.663277,5634.434002,25.898469,9
183,1.570796,1.700000,184,497.639294,5666.503945,25.898469,9
184,1.570796,1.700000,185,497.639294,5666.503945,25.898469,9
185,1.570796,1.700000,186,497.639294,5666.503945,25.898469,9
186,1.570796,1.700000,187,497.639294,5666.503945,25.898469,9
187,1.570796,1.700000,188,497.639294,5666.503945,25.898469,9
188,1.570796,1.700000,189,499.550112,5710.699832,25.898469,9
189,1.570796,1.700000,190,499.550112,5710.699832,25.898469,9
190,1.570796,1.700000,191,499.550112,5710.699832,25.898469,9
191,1.570796,1.700000,192,499.550112,5710.699832,25.898469,9
192,1.570796,1.700000,193,505.932080,5751.429352,25.898469,9
193,1.570796,1.700000,194,505.932080,5751.429352,25.898469,9
194,1.570796,1.700000,195,505.932080,5751.429352,25.898469,9
195,1.570796,1.700000,196,518.347408,5905.161850,25.898469,9
196,1.570796,1.700000,197,524.910718,5948.238888,25.898469,9
197,1.570796,1.700000,198,524.910718,5948.238888,25.898469,9
198,1.570796,1.700000,199,524.910718,5948.238888,25.898469,9
199,1.570796,1.700000,200,525.871427,5949.161849,25.898469,9
200,1.570796,1.700000,201,525.871427,5949.161849,25.898469,9
201,1.570796,1.700000,202,529.421022,5961.761475,25.898469,9
202,1.570796,1.700000,203,529.421022,5961.761475,25.898469,9
203,1.570796,1.700000,204,529.421022,5961.761475,25.898469,9
204,1.570796,1.700000,205,529.421022,5961.761475,25.898469,9
205,1.570796,1.700000,206,529.421022,5961.761475,25.898469,9
206,1.570796,1.700000,207,529.421022,5961.761475,25.898469,9
207,1.570796,1.700000,208,529.421022,5961.761475,25.898469,9
208,1.570796,1.700000,209,529.421022,5961.761475,25.898469,9
209,1.570796,1.700000,210,529.421022,5961.761475,25.898469,9
210,1.570796,1.700000,211,529.421022,5961.761475,25.898469,9
211,1.570796,1.700000,212,529.421022,5961.761475,25.898469,9
212,1.570796,1.700000,213,529.421022,5961.761475,25.898469,9
213,1.570796,1.700000,214,529.421022,5961.761475,25.898469,9
214,1.570796,1.700000,215,529.421022,5961.761475,25.898469,9
215,1.570796,1.700000,216,529.421022,5961.761475,25.898469,9
216,1.570796,1.700000,217,529.421022,5961.761475,25.898469,9
217,1.570796,1.700000,218,529.421022,5961.761475,25.898469,9
218,1.570796,1.700000,219,529.421022,5961.761475,25.898469,9
219,1.570796,1.700000,220,529.421022,5961.761475,25.898469,9
220,1.570796,1.700000,221,529.421022,5961.761475,25.898469,9
221,1.570796,1.700000,222,892.897137,10483.600271,33.306026,10
222,1.570796,1.700000,223,912.714236,10961.124672,33.306026,10
223,1.570796,1.700000,224,940.699218,11888.012561,38.869284,10
224,1.570796,1.700000,225,941.690674,11933.096467,38.869284,10
225,1.570796,1.700000,226,949.131344,12055.124364,38.869284,10
226,1.570796,1.700000,227,950.100212,12056.063069,38.869284,10
227,1.570796,1.700000,228,950.100212,12056.063069,38.869284,10
228,1.570796,1.700000,229,981.794748,13401.483929,43.199970,10
229,1.570796,1.700000,230,992.033496,13537.547717,43.199970,10
230,1.570796,1.700000,231,997.191939,13593.526619,43.199970,10
231,1.570796,1.700000,232,1007.555002,13814.907264,43.199970,10
232,1.570796,1.700000,233,1011.259939,13828.633819,43.199970,10
233,1.570796,1.700000,234,1012.258746,13863.425090,43.199970,10
234,1.570796,1.700000,235,1013.170930,13878.204335,43.199970,10
235,1.570796,1.700000,236,1013.170930,13878.204335,43.199970,10
236,1.570796,1.700000,237,1016.885199,13892.000131,43.199970,10
237,1.570796,1.700000,238,1020.421384,13976.940697,43.199970,10
238,1.570796,1.700000,239,1042.658452,14531.743033,44.992025,10
239,1.570796,1.700000,240,1049.354160,14693.074771,44.992025,10
240,1.570796,1.700000,241,1058.215161,14971.781451,44.992025,10
241,1.570796,1.700000,242,1058.215161,14971.781451,44.992025,10
242,1.570796,1.700000,243,1065.361537,15104.114546,44.992025,10
243,1.570796,1.700000,244,1071.703733,15142.944707,44.992025,10
244,1.570796,1.700000,245,1071.703733,15142.944707,44.992025,10
245,1.570796,1.700000,246,1071.703733,15142.944707,44.992025,10
246,1.570796,1.700000,247,1075.508480,15270.484344,44.992025,10
247,1.570796,1.700000,248,1075.508480,15270.484344,44.992025,10
248,1.570796,1.700000,249,1075.508480,15270.484344,44.992025,10
249,1.570796,1.700000,250,1075.508480,15270.484344,44.992025,10
250,1.570796,1.700000,251,1076.480464,15271.429097,44.992025,10
251,1.570796,1.700000,252,1080.253054,15285.661537,44.992025,10
252,1.570796,1.700000,253,1085.248361,15499.294405,44.992025,10
253,1.570796,1.700000,254,1094.089790,15652.551522,44.992025,10
254,1.570796,1.700000,255,1094.089790,15652.551522,44.992025,10
255,1.570796,1.700000,256,1120.271046,16356.601127,44.992025,10
256,1.570796,1.700000,257,1123.035612,16374.580670,44.992025,10
257,1.570796,1.700000,258,1125.722660,16391.589508,44.992025,10
258,1.570796,1.700000,259,1133.568278,16523.412557,44.992025,10
259,1.570796,1.700000,260,1140.751803,16671.461683,44.992025,10
260,1.570796,1.700000,261,1150.883495,16852.908868,44.992025,10
261,1.570796,1.700000,262,1150.883495,16852.908868,44.992025,10
262,1.570796,1.700000,263,1157.708915,16899.495227,44.992025,10
263,1.570796,1.700000,264,1159.619734,16964.093241,44.992025,10
264,1.570796,1.700000,265,1159.619734,16964.093241,44.992025,10
265,1.570796,1.700000,266,1166.021578,17135.499184,44.992025,10
266,1.570796,1.700000,267,1167.002759,17154.417396,44.992025,10
267,1.570796,1.700000,268,1177.832648,17280.779174,44.992025,10
268,1.570796,1.700000,269,1184.236756,17498.090399,44.992025,10
269,1.570796,1.700000,270,1184.236756,17498.090399,44.992025,10
270,1.570796,1.700000,271,1184.236756,17498.090399,44.992025,10
271,1.570796,1.700000,272,1189.985170,17553.015573,44.992025,10
272,1.570796,1.700000,273,1189.985170,17553.015573,44.992025,10
273,1.570796,1.700000,274,1189.985170,17553.015573,44.992025,10
274,1.570796,1.700000,275,1190.945833,17577.282222,44.992025,10
275,1.570796,1.700000,276,1190.945833,17577.282222,44.992025,10
276,1.570796,1.700000,277,1190.945833,17577.282222,44.992025,10
277,1.570796,1.700000,278,1190.945833,17577.282222,44.992025,10
278,1.570796,1.700000,279,1190.945833,17577.282222,44.992025,10
279,1.570796,1.700000,280,1190.945833,17577.282222,44.992025,10
280,1.570796,1.700000,281,1190.945833,17577.282222,44.992025,10
281,1.570796,1.700000,282,1193.673813,17584.724097,44.992025,10
282,1.570796,1.700000,283,1193.673813,17584.724097,44.992025,10
283,1.570796,1.700000,284,1193.673813,17584.724097,44.992025,10
284,1.570796,1.700000,285,1193.673813,17584.724097,44.992025,10
285,1.570796,1.700000,286,1193.673813,17584.724097,44.992025,10
286,1.570796,1.700000,287,1193.673813,17584.724097,44.992025,10
287,1.570796,1.700000,288,1193.673813,17584.724097,44.992025,10
288,1.570796,1.700000,289,1193.673813,17584.724097,44.992025,10
289,1.570796,1.700000,290,1193.673813,17584.724097,44.992025,10
290,1.570796,1.700000,291,1193.673813,17584.724097,44.992025,10
291,1.570796,1.700000,292,1198.881329,17670.220443,44.992025,10
292,1.570796,1.700000,293,1200.663423,17735.742910,44.992025,10
293,1.570796,1.700000,294,1207.000662,17916.467321,44.992025,10
294,1.570796,1.700000,295,1207.000662,17916.467321,44.992025,10
295,1.570796,1.700000,296,1212.443336,17946.049519,44.992025,10
296,1.570796,1.700000,297,1222.018378,18008.716082,44.992025,10
297,1.570796,1.700000,298,1222.973120,18009.627614,44.992025,10
298,1.570796,1.700000,299,1232.319893,18136.525466,44.992025,10
299,1.570796,1.700000,300,1232.319893,18136.525466,44.992025,10
300,1.570796,1.700000,301,1238.603223,18245.622708,44.992025,10
301,1.570796,1.700000,302,1238.603223,18245.622708,44.992025,10
302,1.570796,1.700000,303,1242.194793,18262.728403,44.992025,10
303,1.570796,1.700000,304,1242.194793,18262.728403,44.992025,10
304,1.570796,1.700000,305,1242.194793,18262.728403,44.992025,10
305,1.570796,1.700000,306,1247.524538,18351.094887,44.992025,10
306,1.570796,1.700000,307,1249.416489,18354.674369,44.992025,10
307,1.570796,1.700000,308,1249.416489,18354.674369,44.992025,10
308,1.570796,1.700000,309,1249.416489,18354.674369,44.992025,10
309,1.570796,1.700000,310,1255.102478,18529.928774,44.992025,10
310,1.570796,1.700000,311,1257.066145,18548.720624,44.992025,10
311,1.570796,1.700000,312,1257.066145,18548.720624,44.992025,10
312,1.570796,1.700000,313,1262.042772,18658.658609,44.992025,10
313,1.570796,1.700000,314,1262.042772,18658.658609,44.992025,10
314,1.570796,1.700000,315,1266.411725,18738.303589,44.992025,10
315,1.570796,1.700000,316,1266.411725,18738.303589,44.992025,10
316,1.570796,1.700000,317,1266.411725,18738.303589,44.992025,10
317,1.570796,1.700000,318,1266.411725,18738.303589,44.992025,10
318,1.570796,1.700000,319,1266.411725,18738.303589,44.992025,10
319,1.570796,1.700000,320,1266.411725,18738.303589,44.992025,10
320,1.570796,1.700000,321,1271.958486,18800.709334,44.992025,10
321,1.570796,1.700000,322,1271.958486,18800.709334,44.992025,10
322,1.570796,1.700000,323,1271.958486,18800.709334,44.992025,10
323,1.570796,1.700000,324,1271.958486,18800.709334,44.992025,10
324,1.570796,1.700000,325,1271.958486,18800.709334,44.992025,10
325,1.570796,1.700000,326,1274.671861,18813.414943,44.992025,10
326,1.570796,1.700000,327,1274.671861,18813.414943,44.992025,10
327,1.570796,1.700000,328,1274.671861,18813.414943,44.992025,10
328,1.570796,1.700000,329,1274.671861,18813.414943,44.992025,10
329,1.570796,1.700000,330,1276.638677,18836.809031,44.992025,10
330,1.570796,1.700000,331,1276.638677,18836.809031,44.992025,10
331,1.570796,1.700000,332,1276.638677,18836.809031,44.992025,10
332,1.570796,1.700000,333,1276.638677,18836.809031,44.992025,10
333,1.570796,1.700000,334,1276.638677,18836.809031,44.992025,10
334,1.570796,1.700000,335,1281.142771,18857.095893,44.992025,10
335,1.570796,1.700000,336,1281.142771,18857.095893,44.992025,10
336,1.570796,1.700000,337,1281.142771,18857.095893,44.992025,10
337,1.570796,1.700000,338,1281.142771,18857.095893,44.992025,10
338,1.570796,1.700000,339,1281.142771,18857.095893,44.992025,10
339,1.570796,1.700000,340,1281.142771,18857.095893,44.992025,10
340,1.570796,1.700000,341,1281.142771,18857.095893,44.992025,10
341,1.570796,1.700000,342,1281.142771,18857.095893,44.992025,10
342,1.570796,1.700000,343,1281.142771,18857.095893,44.992025,10
343,1.570796,1.700000,344,1287.475172,18978.021556,44.992025,10
344,1.570796,1.700000,345,1287.475172,18978.021556,44.992025,10
345,1.570796,1.700000,346,1291.769481,18996.462649,44.992025,10
346,1.570796,1.700000,347,1295.018585,19007.019323,44.992025,10
347,1.570796,1.700000,348,1295.018585,19007.019323,44.992025,10
348,1.570796,1.700000,349,1295.018585,19007.019323,44.992025,10
349,1.570796,1.700000,350,1295.018585,19007.019323,44.992025,10
350,1.570796,1.700000,351,1295.018585,19007.019323,44.992025,10
351,1.570796,1.700000,352,1295.018585,19007.019323,44.992025,10
352,1.570796,1.700000,353,1295.018585,19007.019323,44.992025,10
353,1.570796,1.700000,354,1295.018585,19007.019323,44.992025,10
354,1.570796,1.700000,355,1295.018585,19007.019323,44.992025,10
355,1.570796,1.700000,356,1295.018585,19007.019323,44.992025,10
356,1.570796,1.700000,357,1295.018585,19007.019323,44.992025,10
357,1.570796,1.700000,358,1295.018585,19007.019323,44.992025,10
358,1.570796,1.700000,359,1295.018585,19007.019323,44.992025,10
359,1.570796,1.700000,360,1295.018585,19007.019323,44.992025,10
360,1.570796,1.700000,361,1296.013082,19008.008348,44.992025,10
361,1.570796,1.700000,362,1296.013082,19008.008348,44.992025,10
362,1.570796,1.700000,363,1296.013082,19008.008348,44.992025,10
363,1.570796,1.700000,364,1299.265534,19041.676565,44.992025,10
364,1.570796,1.700000,365,1299.265534,19041.676565,44.992025,10
365,1.570796,1.700000,366,1762.800001,24979.777184,44.992025,11
366,1.570796,1.700000,367,1777.799602,25325.997070,44.992025,11
367,1.570796,1.700000,368,1791.551617,25644.746089,44.992025,11
368,1.570796,1.700000,369,1812.453745,26192.998192,44.992025,11
369,1.570796,1.700000,370,1813.380486,26202.805084,44.992025,11
370,1.570796,1.700000,371,1826.394691,26537.069946,44.992025,11
371,1.570796,1.700000,372,1859.624541,27435.861574,44.992025,11
372,1.570796,1.700000,373,1867.896049,27655.885620,44.992025,11
373,1.570796,1.700000,374,1884.471668,28018.794146,44.992025,11
374,1.570796,1.700000,375,1906.296306,28504.572037,44.992025,11
375,1.570796,1.700000,376,1915.187813,28564.264974,44.992025,11
376,1.570796,1.700000,377,1921.220288,28582.730111,44.992025,11
377,1.570796,1.700000,378,1928.788549,28712.598671,44.992025,11
378,1.570796,1.700000,379,1954.670981,29764.098775,44.992025,11
379,1.570796,1.700000,380,1962.430482,29881.950391,44.992025,11
380,1.570796,1.700000,381,1973.368306,30486.809652,49.479972,11
381,1.570796,1.700000,382,2028.566198,32042.743139,49.479972,11
382,1.570796,1.700000,383,2028.566198,32042.743139,49.479972,11
383,1.570796,1.700000,384,2032.986519,32095.060739,49.479972,11
384,1.570796,1.700000,385,2043.400025,32285.347373,49.479972,11
385,1.570796,1.700000,386,2053.070861,32677.977258,49.479972,11
386,1.570796,1.700000,387,2053.947497,32678.745748,49.479972,11
387,1.570796,1.700000,388,2063.600313,32800.062477,49.479972,11
388,1.570796,1.700000,389,2067.274554,32813.562521,49.479972,11
389,1.570796,1.700000,390,2074.189040,32908.162902,49.479972,11
390,1.570796,1.700000,391,2088.004028,33122.207687,49.479972,11
391,1.570796,1.700000,392,2100.304858,33291.666638,49.479972,11
392,1.570796,1.700000,393,2109.335645,33345.856685,49.479972,11
393,1.570796,1.700000,394,2116.005965,33380.333547,49.479972,11
394,1.570796,1.700000,395,2139.114896,34058.300417,49.479972,11
395,1.570796,1.700000,396,2145.128471,34117.793863,49.479972,11
396,1.570796,1.700000,397,2184.143182,35085.609423,49.479972,11
397,1.570796,1.700000,398,2186.969210,35093.595859,49.479972,11
398,1.570796,1.700000,399,2195.681336,35252.492772,49.479972,11
399,1.570796,1.700000,400,2205.694859,35509.650011,49.479972,11
400,1.570796,1.700000,401,2228.511179,35842.523901,49.479972,11
401,1.570796,1.700000,402,2244.666079,36221.600130,49.479972,11
402,1.570796,1.700000,403,2253.955490,36419.345521,49.479972,11
403,1.570796,1.700000,404,2259.294127,36487.077444,49.479972,11
404,1.570796,1.700000,405,2259.294127,36487.077444,49.479972,11
405,1.570796,1.700000,406,2262.930069,36561.824227,49.479972,11
406,1.570796,1.700000,407,2262.930069,36561.824227,49.479972,11
407,1.570796,1.700000,408,2262.930069,36561.824227,49.479972,11
408,1.570796,1.700000,409,2268.961000,36598.196358,49.479972,11
409,1.570796,1.700000,410,2275.015555,36659.664143,49.479972,11
410,1.570796,1.700000,411,2275.946332,36660.530489,49.479972,11
411,1.570796,1.700000,412,2276.939561,36683.375659,49.479972,11
412,1.570796,1.700000,413,2283.796711,36788.327134,49.479972,11
413,1.570796,1.700000,414,2283.796711,36788.327134,49.479972,11
414,1.570796,1.700000,415,2283.796711,36788.327134,49.479972,11
415,1.570796,1.700000,416,2299.357829,37469.416607,49.479972,11
416,1.570796,1.700000,417,2300.340878,37481.562201,49.479972,11
417,1.570796,1.700000,418,2315.759059,38031.262596,49.479972,11
418,1.570796,1.700000,419,2320.088456,38115.355529,49.479972,11
419,1.570796,1.700000,420,2328.799093,38371.297462,49.479972,11
420,1.570796,1.700000,421,2368.713174,39550.464276,49.479972,11
421,1.570796,1.700000,422,2388.006832,39854.968234,49.479972,11
422,1.570796,1.700000,423,2426.439386,40981.341014,49.479972,11
423,1.570796,1.700000,424,2461.583917,42349.820688,49.479972,11
424,1.570796,1.700000,425,2473.656521,42474.372960,49.479972,11
425,1.570796,1.700000,426,2483.887254,42561.955728,49.479972,11
426,1.570796,1.700000,427,2490.580053,42606.749288,49.479972,11
427,1.570796,1.700000,428,2490.580053,42606.749288,49.479972,11
428,1.570796,1.700000,429,2493.301545,42619.384930,49.479972,11
429,1.570796,1.700000,430,2504.017989,42831.379426,49.479972,11
430,1.570796,1.700000,431,2513.467552,43251.719165,49.479972,11
431,1.570796,1.700000,432,2515.314834,43255.352319,49.479972,11
432,1.570796,1.700000,433,2518.028210,43361.604270,49.479972,11
433,1.570796,1.700000,434,2524.737727,43488.151207,49.479972,11
434,1.570796,1.700000,435,2524.737727,43488.151207,49.479972,11
435,1.570796,1.700000,436,2530.099137,43516.895918,49.479972,11
436,1.570796,1.700000,437,2530.099137,43516.895918,49.479972,11
437,1.570796,1.700000,438,2532.844418,43529.735068,49.479972,11
438,1.570796,1.700000,439,2537.817085,43547.152436,49.479972,11
439,1.570796,1.700000,440,2547.068794,43598.816136,49.479972,11
440,1.570796,1.700000,441,2557.897043,43903.157397,49.479972,11
441,1.570796,1.700000,442,2564.948999,43952.887486,49.479972,11
442,1.570796,1.700000,443,2575.343328,44101.064682,49.479972,11
443,1.570796,1.700000,444,2579.954739,44122.329796,49.479972,11
444,1.570796,1.700000,445,2579.954739,44122.329796,49.479972,11
445,1.570796,1.700000,446,2579.954739,44122.329796,49.479972,11
446,1.570796,1.700000,447,2579.954739,44122.329796,49.479972,11
447,1.570796,1.700000,448,2587.882478,44319.938232,49.479972,11
448,1.570796,1.700000,449,2595.786364,44460.293125,49.479972,11
449,1.570796,1.700000,450,2595.786364,44460.293125,49.479972,11
450,1.570796,1.700000,451,2599.353991,44473.021094,49.479972,11
451,1.570796,1.700000,452,2609.494669,44778.841335,49.479972,11
452,1.570796,1.700000,453,2613.695001,44796.484123,49.479972,11
453,1.570796,1.700000,454,2613.695001,44796.484123,49.479972,11
454,1.570796,1.700000,455,2613.695001,44796.484123,49.479972,11
455,1.570796,1.700000,456,2624.100393,44891.553448,49.479972,11
456,1.570796,1.700000,457,2624.100393,44891.553448,49.479972,11
457,1.570796,1.700000,458,2624.100393,44891.553448,49.479972,11
458,1.570796,1.700000,459,2624.100393,44891.553448,49.479972,11
459,1.570796,1.700000,460,2624.100393,44891.553448,49.479972,11
460,1.570796,1.700000,461,2624.100393,44891.553448,49.479972,11
461,1.570796,1.700000,462,2624.100393,44891.553448,49.479972,11
462,1.570796,1.700000,463,2624.100393,44891.553448,49.479972,11
463,1.570796,1.700000,464,2624.100393,44891.553448,49.479972,11
464,1.570796,1.700000,465,2624.100393,44891.553448,49.479972,11
465,1.570796,1.700000,466,2624.100393,44891.553448,49.479972,11
466,1.570796,1.700000,467,2645.720313,45682.058314,49.479972,11
467,1.570796,1.700000,468,2658.470756,45982.846381,49.479972,11
468,1.570796,1.700000,469,2658.470756,45982.846381,49.479972,11
469,1.570796,1.700000,470,2662.726593,46032.545725,49.479972,11
470,1.570796,1.700000,471,2679.883672,46426.356218,49.479972,11
471,1.570796,1.700000,472,2679.883672,46426.356218,49.479972,11
472,1.570796,1.700000,473,2679.883672,46426.356218,49.479972,11
473,1.570796,1.700000,474,2679.883672,46426.356218,49.479972,11
474,1.570796,1.700000,475,2679.883672,46426.356218,49.479972,11
475,1.570796,1.700000,476,2679.883672,46426.356218,49.479972,11
476,1.570796,1.700000,477,2700.402414,47148.058696,49.479972,11
477,1.570796,1.700000,478,2725.991045,47830.956650,49.479972,11
478,1.570796,1.700000,479,2725.991045,47830.956650,49.479972,11
479,1.570796,1.700000,480,2734.413787,47940.005053,49.479972,11
480,1.570796,1.700000,481,2734.413787,47940.005053,49.479972,11
481,1.570796,1.700000,482,2739.634524,48065.209822,49.479972,11
482,1.570796,1.700000,483,2745.087812,48094.948171,49.479972,11
483,1.570796,1.700000,484,2745.087812,48094.948171,49.479972,11
484,1.570796,1.700000,485,2745.087812,48094.948171,49.479972,11
485,1.570796,1.700000,486,2745.087812,48094.948171,49.479972,11
486,1.570796,1.700000,487,2745.087812,48094.948171,49.479972,11
487,1.570796,1.700000,488,2751.427429,48334.628574,49.479972,11
488,1.570796,1.700000,489,2755.957329,48490.576871,49.479972,11
489,1.570796,1.700000,490,2759.698336,48504.571999,49.479972,11
490,1.570796,1.700000,491,2768.723798,48559.891184,49.479972,11
491,1.570796,1.700000,492,2770.621892,48570.653406,49.479972,11
492,1.570796,1.700000,493,2779.806857,48783.704589,49.479972,11
493,1.570796,1.700000,494,2787.130802,48870.478237,49.479972,11
494,1.570796,1.700000,495,2793.806238,48915.039693,49.479972,11
495,1.570796,1.700000,496,2801.097157,49144.902954,49.479972,11
496,1.570796,1.700000,497,2801.097157,49144.902954,49.479972,11
497,1.570796,1.700000,498,2805.430090,49187.317577,49.479972,11
498,1.570796,1.700000,499,2805.430090,49187.317577,49.479972,11
499,1.570796,1.700000,500,2809.964203,49207.875756,49.479972,11
500,1.570796,1.700000,501,2814.369667,49227.283874,49.479972,11
501,1.570796,1.700000,502,2814.369667,49227.283874,49.479972,11
502,1.570796,1.700000,503,2814.369667,49227.283874,49.479972,11
503,1.570796,1.700000,504,2814.369667,49227.283874,49.479972,11
504,1.570796,1.700000,505,2814.369667,49227.283874,49.479972,11
505,1.570796,1.700000,506,2814.369667,49227.283874,49.479972,11
506,1.570796,1.700000,507,2814.369667,49227.283874,49.479972,11
507,1.570796,1.700000,508,2818.529506,49265.375663,49.479972,11
508,1.570796,1.700000,509,2818.529506,49265.375663,49.479972,11
509,1.570796,1.700000,510,2828.587191,49385.782198,49.479972,11
510,1.570796,1.700000,511,2828.587191,49385.782198,49.479972,11
511,1.570796,1.700000,512,2830.216822,49408.515273,49.479972,11
512,1.570796,1.700000,513,2834.720616,49446.211119,49.479972,11
513,1.570796,1.700000,514,2845.392979,49742.410016,49.479972,11
514,1.570796,1.700000,515,2845.392979,49742.410016,49.479972,11
515,1.570796,1.700000,516,2845.392979,49742.410016,49.479972,11
516,1.570796,1.700000,517,2850.354722,49767.028909,49.479972,11
517,1.570796,1.700000,518,2855.552706,49803.867120,49.479972,11
518,1.570796,1.700000,519,2862.054297,49846.137800,49.479972,11
519,1.570796,1.700000,520,2868.257191,49965.271061,49.479972,11
520,1.570796,1.700000,521,2868.257191,49965.271061,49.479972,11
521,1.570796,1.700000,522,2868.257191,49965.271061,49.479972,11
522,1.570796,1.700000,523,2868.257191,49965.271061,49.479972,11
523,1.570796,1.700000,524,2868.257191,49965.271061,49.479972,11
524,1.570796,1.700000,525,2868.257191,49965.271061,49.479972,11
525,1.570796,1.700000,526,2872.219541,50015.593914,49.479972,11
526,1.570796,1.700000,527,2873.149869,50016.459424,49.479972,11
527,1.570796,1.700000,528,2873.149869,50016.459424,49.479972,11
528,1.570796,1.700000,529,2873.149869,50016.459424,49.479972,11
529,1.570796,1.700000,530,2873.149869,50016.459424,49.479972,11
530,1.570796,1.700000,531,2873.149869,50016.459424,49.479972,11
531,1.570796,1.700000,532,2873.149869,50016.459424,49.479972,11
532,1.570796,1.700000,533,2873.149869,50016.459424,49.479972,11
533,1.570796,1.700000,534,2873.149869,50016.459424,49.479972,11
534,1.570796,1.700000,535,2873.149869,50016.459424,49.479972,11
535,1.570796,1.700000,536,2873.149869,50016.459424,49.479972,11
536,1.570796,1.700000,537,2873.149869,50016.459424,49.479972,11
537,1.570796,1.700000,538,2873.149869,50016.459424,49.479972,11
538,1.570796,1.700000,539,2873.149869,50016.459424,49.479972,11
539,1.570796,1.700000,540,2873.149869,50016.459424,49.479972,11
540,1.570796,1.700000,541,2873.149869,50016.459424,49.479972,11
541,1.570796,1.700000,542,2873.149869,50016.459424,49.479972,11
542,1.570796,1.700000,543,2873.149869,50016.459424,49.479972,11
543,1.570796,1.700000,544,2873.149869,50016.459424,49.479972,11
544,1.570796,1.700000,545,2873.149869,50016.459424,49.479972,11
545,1.570796,1.700000,546,2873.149869,50016.459424,49.479972,11
546,1.570796,1.700000,547,2873.149869,50016.459424,49.479972,11
547,1.570796,1.700000,548,2873.149869,50016.459424,49.479972,11
548,1.570796,1.700000,549,2886.826846,50239.882871,49.479972,11
549,1.570796,1.700000,550,2886.826846,50239.882871,49.479972,11
550,1.570796,1.700000,551,2886.826846,50239.882871,49.479972,11
551,1.570796,1.700000,552,2886.826846,50239.882871,49.479972,11
552,1.570796,1.700000,553,2893.447959,50296.943436,49.479972,11
553,1.570796,1.700000,554,2897.181883,50303.930732,49.479972,11
554,1.570796,1.700000,555,2897.181883,50303.930732,49.479972,11
555,1.570796,1.700000,556,2897.181883,50303.930732,49.479972,11
556,1.570796,1.700000,557,2897.181883,50303.930732,49.479972,11
557,1.570796,1.700000,558,2897.181883,50303.930732,49.479972,11
558,1.570796,1.700000,559,2897.181883,50303.930732,49.479972,11
559,1.570796,1.700000,560,2897.181883,50303.930732,49.479972,11
560,1.570796,1.700000,561,2897.181883,50303.930732,49.479972,11
561,1.570796,1.700000,562,2897.181883,50303.930732,49.479972,11
562,1.570796,1.700000,563,2897.181883,50303.930732,49.479972,11
563,1.570796,1.700000,564,2897.181883,50303.930732,49.479972,11
564,1.570796,1.700000,565,2897.181883,50303.930732,49.479972,11
565,1.570796,1.700000,566,2897.181883,50303.930732,49.479972,11
566,1.570796,1.700000,567,2897.181883,50303.930732,49.479972,11
567,1.570796,1.700000,568,2897.181883,50303.930732,49.479972,11
568,1.570796,1.700000,569,2897.181883,50303.930732,49.479972,11
569,1.570796,1.700000,570,3882.647140,62338.606774,49.479972,12
570,1.570796,1.700000,571,3924.419955,64146.139257,49.479972,12
571,1.570796,1.700000,572,3931.672557,64322.184669,49.479972,12
572,1.570796,1.700000,573,3946.129842,64542.120398,49.479972,12
573,1.570796,1.700000,574,3964.317577,64939.250390,49.479972,12
574,1.570796,1.700000,575,3994.696199,66436.313029,49.479972,12
575,1.570796,1.700000,576,4013.647777,67153.803524,52.295978,12
576,1.570796,1.700000,577,4027.283175,67554.886698,52.295978,12
577,1.570796,1.700000,578,4048.671878,68095.211719,52.295978,12
578,1.570796,1.700000,579,4058.012997,68233.226787,52.295978,12
579,1.570796,1.700000,580,4081.698323,69545.555502,52.295978,12
580,1.570796,1.700000,581,4099.740985,70137.886929,52.295978,12
581,1.570796,1.700000,582,4116.323790,70578.034852,52.295978,12
582,1.570796,1.700000,583,4147.489850,71446.924079,52.295978,12
583,1.570796,1.700000,584,4187.169897,72593.584656,52.295978,12
584,1.570796,1.700000,585,4192.204274,72722.617450,52.295978,12
585,1.570796,1.700000,586,4197.200737,72775.549277,52.295978,12
586,1.570796,1.700000,587,4204.246407,72803.481069,52.295978,12
587,1.570796,1.700000,588,4211.977276,72879.546565,52.295978,12
588,1.570796,1.700000,589,4235.070239,73711.307614,52.295978,12
589,1.570796,1.700000,590,4255.430670,74132.992198,52.295978,12
590,1.570796,1.700000,591,4273.221844,74579.535782,52.295978,12
591,1.570796,1.700000,592,4287.535655,74835.586685,52.295978,12
592,1.570796,1.700000,593,4303.407298,75671.253244,52.295978,12
593,1.570796,1.700000,594,4311.866621,75825.774463,52.295978,12
594,1.570796,1.700000,595,4345.726389,76887.290268,52.295978,12
595,1.570796,1.700000,596,4359.218572,77038.801917,52.295978,12
596,1.570796,1.700000,597,4380.687136,77823.302089,52.295978,12
597,1.570796,1.700000,598,4383.466407,77899.474374,52.295978,12
598,1.570796,1.700000,599,4388.227466,78002.990364,52.295978,12
599,1.570796,1.700000,600,4393.952993,78091.021193,52.295978,12
600,1.570796,1.700000,601,4399.352043,78193.872490,52.295978,12
601,1.570796,1.700000,602,4399.352043,78193.872490,52.295978,12
602,1.570796,1.700000,603,4406.995092,78252.288694,52.295978,12
603,1.570796,1.700000,604,4407.991426,78253.281375,52.295978,12
604,1.570796,1.700000,605,4415.871961,78315.384215,52.295978,12
605,1.570796,1.700000,606,4415.871961,78315.384215,52.295978,12
606,1.570796,1.700000,607,4416.737733,78316.133775,52.295978,12
607,1.570796,1.700000,608,4475.163805,80922.053099,52.295978,12
608,1.570796,1.700000,609,4481.727315,80997.926267,52.295978,12
609,1.570796,1.700000,610,4491.693208,81079.121289,52.295978,12
610,1.570796,1.700000,611,4508.114686,81799.966559,52.295978,12
611,1.570796,1.700000,612,4519.190645,82031.847190,52.295978,12
612,1.570796,1.700000,613,4550.730809,83385.716448,52.295978,12
613,1.570796,1.700000,614,4557.104765,83539.550776,52.295978,12
614,1.570796,1.700000,615,4575.196490,84034.146246,52.295978,12
615,1.570796,1.700000,616,4576.170008,84042.498667,52.295978,12
616,1.570796,1.700000,617,4587.684050,84252.489154,52.295978,12
617,1.570796,1.700000,618,4587.684050,84252.489154,52.295978,12
618,1.570796,1.700000,619,4593.224002,84339.696499,52.295978,12
619,1.570796,1.700000,620,4599.128576,84384.776000,52.295978,12
620,1.570796,1.700000,621,4599.128576,84384.776000,52.295978,12
621,1.570796,1.700000,622,4599.128576,84384.776000,52.295978,12
622,1.570796,1.700000,623,4602.687094,84476.931198,52.295978,12
623,1.570796,1.700000,624,4607.748848,84587.910839,52.295978,12
624,1.570796,1.700000,625,4629.659794,85269.474695,52.295978,12
625,1.570796,1.700000,626,4640.536814,85371.014895,52.295978,12
626,1.570796,1.700000,627,4652.107982,85893.065577,52.295978,12
627,1.570796,1.700000,628,4658.643577,86005.262557,52.295978,12
628,1.570796,1.700000,629,4672.839171,86304.860263,52.295978,12
629,1.570796,1.700000,630,4672.839171,86304.860263,52.295978,12
630,1.570796,1.700000,631,4672.839171,86304.860263,52.295978,12
631,1.570796,1.700000,632,4672.839171,86304.860263,52.295978,12
632,1.570796,1.700000,633,4676.410708,86356.423616,52.295978,12
633,1.570796,1.700000,634,4680.225859,86370.978995,52.295978,12
634,1.570796,1.700000,635,4695.422233,86652.108479,52.295978,12
635,1.570796,1.700000,636,4695.422233,86652.108479,52.295978,12
636,1.570796,1.700000,637,4706.218814,87101.483331,52.295978,12
637,1.570796,1.700000,638,4729.115144,87476.822772,52.295978,12
638,1.570796,1.700000,639,4734.097216,87538.849174,52.295978,12
639,1.570796,1.700000,640,4750.389855,88160.183417,52.295978,12
640,1.570796,1.700000,641,4751.376454,88178.965810,52.295978,12
641,1.570796,1.700000,642,4751.376454,88178.965810,52.295978,12
642,1.570796,1.700000,643,4756.255971,88202.775495,52.295978,12
643,1.570796,1.700000,644,4756.255971,88202.775495,52.295978,12
644,1.570796,1.700000,645,4770.142003,88369.107549,52.295978,12
645,1.570796,1.700000,646,4772.028077,88376.049856,52.295978,12
646,1.570796,1.700000,647,4772.975691,88390.828368,52.295978,12
647,1.570796,1.700000,648,4772.975691,88390.828368,52.295978,12
648,1.570796,1.700000,649,4772.975691,88390.828368,52.295978,12
649,1.570796,1.700000,650,4782.056659,88506.418534,52.295978,12
650,1.570796,1.700000,651,4799.138656,89122.668249,52.295978,12
651,1.570796,1.700000,652,4812.207458,89673.509980,52.295978,12
652,1.570796,1.700000,653,4829.605179,89824.576144,52.295978,12
653,1.570796,1.700000,654,4841.918693,90109.011377,52.295978,12
654,1.570796,1.700000,655,4858.581635,90806.126891,52.295978,12
655,1.570796,1.700000,656,4867.611567,90875.159879,52.295978,12
656,1.570796,1.700000,657,4871.306008,90965.393788,52.295978,12
657,1.570796,1.700000,658,4881.868190,91389.068780,52.295978,12
658,1.570796,1.700000,659,4934.880829,94045.511808,52.295978,12
659,1.570796,1.700000,660,4947.520272,94349.532033,52.295978,12
660,1.570796,1.700000,661,4970.416101,95274.699030,52.295978,12
661,1.570796,1.700000,662,4970.416101,95274.699030,52.295978,12
662,1.570796,1.700000,663,4977.341933,95322.666175,52.295978,12
663,1.570796,1.700000,664,5004.063306,96036.208843,52.295978,12
664,1.570796,1.700000,665,5015.139534,96266.448408,52.295978,12
665,1.570796,1.700000,666,5032.878300,96551.960014,52.295978,12
666,1.570796,1.700000,667,5048.239808,96942.269549,52.295978,12
667,1.570796,1.700000,668,5049.231184,96948.648418,52.295978,12
668,1.570796,1.700000,669,5049.231184,96948.648418,52.295978,12
669,1.570796,1.700000,670,5054.537473,97057.455447,52.295978,12
670,1.570796,1.700000,671,5060.953387,97184.500248,52.295978,12
671,1.570796,1.700000,672,5070.490182,97707.619149,52.295978,12
672,1.570796,1.700000,673,5070.490182,97707.619149,52.295978,12
673,1.570796,1.700000,674,5076.712042,97832.372596,52.295978,12
674,1.570796,1.700000,675,5076.712042,97832.372596,52.295978,12
675,1.570796,1.700000,676,5076.712042,97832.372596,52.295978,12
676,1.570796,1.700000,677,5076.712042,97832.372596,52.295978,12
677,1.570796,1.700000,678,5076.712042,97832.372596,52.295978,12
678,1.570796,1.700000,679,5077.610411,97856.044832,52.295978,12
679,1.570796,1.700000,680,5077.610411,97856.044832,52.295978,12
680,1.570796,1.700000,681,5077.610411,97856.044832,52.295978,12
681,1.570796,1.700000,682,5077.610411,97856.044832,52.295978,12
682,1.570796,1.700000,683,5077.610411,97856.044832,52.295978,12
683,1.570796,1.700000,684,5077.610411,97856.044832,52.295978,12
684,1.570796,1.700000,685,5082.389584,97878.885331,52.295978,12
685,1.570796,1.700000,686,5084.019215,97920.715955,52.295978,12
686,1.570796,1.700000,687,5087.775306,97934.824172,52.295978,12
687,1.570796,1.700000,688,5100.306415,98368.526367,52.295978,12
688,1.570796,1.700000,689,5104.378178,98433.363002,52.295978,12
689,1.570796,1.700000,690,5114.756272,98685.108501,52.295978,12
690,1.570796,1.700000,691,5119.954257,98818.307593,52.295978,12
691,1.570796,1.700000,692,5119.954257,98818.307593,52.295978,12
692,1.570796,1.700000,693,5124.334209,98966.505656,52.295978,12
693,1.570796,1.700000,694,5135.204736,99211.798076,52.295978,12
694,1.570796,1.700000,695,5135.204736,99211.798076,52.295978,12
695,1.570796,1.700000,696,5143.058022,99263.527640,52.295978,12
696,1.570796,1.700000,697,5146.506972,99323.196594,52.295978,12
697,1.570796,1.700000,698,5172.464554,100024.142764,52.295978,12
698,1.570796,1.700000,699,5172.464554,100024.142764,52.295978,12
699,1.570796,1.700000,700,5175.544315,100050.517276,52.295978,12
700,1.570796,1.700000,701,5179.842137,100105.093096,52.295978,12
701,1.570796,1.700000,702,5179.842137,100105.093096,52.295978,12
702,1.570796,1.700000,703,5189.082552,100162.114828,52.295978,12
703,1.570796,1.700000,704,5196.148244,100462.290468,52.295978,12
704,1.570796,1.700000,705,5197.141790,100479.460675,52.295978,12
705,1.570796,1.700000,706,5197.141790,100479.460675,52.295978,12
706,1.570796,1.700000,707,5200.983908,100577.238341,52.295978,12
707,1.570796,1.700000,708,5201.935653,100578.144158,52.295978,12
708,1.570796,1.700000,709,5201.935653,100578.144158,52.295978,12
709,1.570796,1.700000,710,5213.663336,100792.198723,52.295978,12
710,1.570796,1.700000,711,5213.663336,100792.198723,52.295978,12
711,1.570796,1.700000,712,5221.323812,100988.007836,52.295978,12
712,1.570796,1.700000,713,5221.323812,100988.007836,52.295978,12
713,1.570796,1.700000,714,5221.323812,100988.007836,52.295978,12
714,1.570796,1.700000,715,5224.222005,100992.617410,52.295978,12
715,1.570796,1.700000,716,5224.222005,100992.617410,52.295978,12
716,1.570796,1.700000,717,5224.222005,100992.617410,52.295978,12
717,1.570796,1.700000,718,5224.222005,100992.617410,52.295978,12
718,1.570796,1.700000,719,5224.222005,100992.617410,52.295978,12
719,1.570796,1.700000,720,5225.208465,100993.590512,52.295978,12
720,1.570796,1.700000,721,5226.191939,100994.557734,52.295978,12
721,1.570796,1.700000,722,5226.191939,100994.557734,52.295978,12
722,1.570796,1.700000,723,5226.191939,100994.557734,52.295978,12
723,1.570796,1.700000,724,5226.191939,100994.557734,52.295978,12
724,1.570796,1.700000,725,5234.629920,101047.704917,52.295978,12
725,1.570796,1.700000,726,5234.629920,101047.704917,52.295978,12
726,1.570796,1.700000,727,5234.629920,101047.704917,52.295978,12
727,1.570796,1.700000,728,5234.629920,101047.704917,52.295978,12
728,1.570796,1.700000,729,5260.032192,102020.361149,52.295978,12
729,1.570796,1.700000,730,5272.858953,102265.438488,52.295978,12
730,1.570796,1.700000,731,5287.682029,102658.666226,52.295978,12
731,1.570796,1.700000,732,5292.047757,102716.814623,52.295978,12
732,1.570796,1.700000,733,5318.654491,103661.023592,52.295978,12
733,1.570796,1.700000,734,5343.831425,104376.238282,52.295978,12
734,1.570796,1.700000,735,5343.831425,104376.238282,52.295978,12
735,1.570796,1.700000,736,5352.717440,104825.861693,52.295978,12
736,1.570796,1.700000,737,5352.717440,104825.861693,52.295978,12
737,1.570796,1.700000,738,5364.550828,105372.481100,54.061852,12
738,1.570796,1.700000,739,5364.550828,105372.481100,54.061852,12
739,1.570796,1.700000,740,5386.121298,105768.691943,54.061852,12
740,1.570796,1.700000,741,5401.014511,106236.798377,54.061852,12
741,1.570796,1.700000,742,5410.070167,106297.686998,54.061852,12
742,1.570796,1.700000,743,5419.829507,106437.406134,54.061852,12
743,1.570796,1.700000,744,5419.829507,106437.406134,54.061852,12
744,1.570796,1.700000,745,5431.169090,106581.816566,54.061852,12
745,1.570796,1.700000,746,5435.145839,106619.439822,54.061852,12
746,1.570796,1.700000,747,5435.145839,106619.439822,54.061852,12
747,1.570796,1.700000,748,5448.276166,106822.772324,54.061852,12
748,1.570796,1.700000,749,5448.276166,106822.772324,54.061852,12
749,1.570796,1.700000,750,5454.055624,106892.072713,54.061852,12
750,1.570796,1.700000,751,5466.335767,107430.580915,54.061852,12
751,1.570796,1.700000,752,5468.194629,107454.218385,54.061852,12
752,1.570796,1.700000,753,5487.773710,107980.529861,54.061852,12
753,1.570796,1.700000,754,5488.758215,107981.499112,54.061852,12
754,1.570796,1.700000,755,5508.746686,108789.806737,54.061852,12
755,1.570796,1.700000,756,5508.746686,108789.806737,54.061852,12
756,1.570796,1.700000,757,5508.746686,108789.806737,54.061852,12
757,1.570796,1.700000,758,5514.214365,108856.882236,54.061852,12
758,1.570796,1.700000,759,5515.174701,108872.878024,54.061852,12
759,1.570796,1.700000,760,5521.590614,108942.517421,54.061852,12
760,1.570796,1.700000,761,5534.723225,109632.586873,54.061852,12
761,1.570796,1.700000,762,5534.723225,109632.586873,54.061852,12
762,1.570796,1.700000,763,5540.974411,109729.710677,54.061852,12
763,1.570796,1.700000,764,5540.974411,109729.710677,54.061852,12
764,1.570796,1.700000,765,5545.668421,109801.788472,54.061852,12
765,1.570796,1.700000,766,5547.379036,109838.876273,54.061852,12
766,1.570796,1.700000,767,5547.379036,109838.876273,54.061852,12
767,1.570796,1.700000,768,5547.379036,109838.876273,54.061852,12
768,1.570796,1.700000,769,5555.543617,110141.271109,54.061852,12
769,1.570796,1.700000,770,5555.543617,110141.271109,54.061852,12
770,1.570796,1.700000,771,5555.543617,110141.271109,54.061852,12
771,1.570796,1.700000,772,5555.543617,110141.271109,54.061852,12
772,1.570796,1.700000,773,5555.543617,110141.271109,54.061852,12
773,1.570796,1.700000,774,5555.543617,110141.271109,54.061852,12
774,1.570796,1.700000,775,5555.543617,110141.271109,54.061852,12
775,1.570796,1.700000,776,5555.543617,110141.271109,54.061852,12
776,1.570796,1.700000,777,5555.543617,110141.271109,54.061852,12
777,1.570796,1.700000,778,5555.543617,110141.271109,54.061852,12
778,1.570796,1.700000,779,5555.543617,110141.271109,54.061852,12
779,1.570796,1.700000,780,5555.543617,110141.271109,54.061852,12
780,1.570796,1.700000,781,5555.543617,110141.271109,54.061852,12
781,1.570796,1.700000,782,5561.741045,110179.679216,54.061852,12
782,1.570796,1.700000,783,5575.045246,110714.310327,54.061852,12
783,1.570796,1.700000,784,5575.045246,110714.310327,54.061852,12
784,1.570796,1.700000,785,5579.197477,110781.151209,54.061852,12
785,1.570796,1.700000,786,5581.114375,110791.595828,54.061852,12
786,1.570796,1.700000,787,5591.659401,110899.085869,54.061852,12
787,1.570796,1.700000,788,5593.488397,110916.174046,54.061852,12
788,1.570796,1.700000,789,5593.488397,110916.174046,54.061852,12
789,1.570796,1.700000,790,5593.488397,110916.174046,54.061852,12
790,1.570796,1.700000,791,5598.922511,110945.703641,54.061852,12
791,1.570796,1.700000,792,5600.832045,110969.532590,54.061852,12
792,1.570796,1.700000,793,5600.832045,110969.532590,54.061852,12
793,1.570796,1.700000,794,5600.832045,110969.532590,54.061852,12
794,1.570796,1.700000,795,5609.829110,111235.068196,54.061852,12
795,1.570796,1.700000,796,5609.829110,111235.068196,54.061852,12
796,1.570796,1.700000,797,5609.829110,111235.068196,54.061852,12
797,1.570796,1.700000,798,5617.556885,111350.842889,54.061852,12
798,1.570796,1.700000,799,5635.135676,112024.617896,54.061852,12
799,1.570796,1.700000,800,5635.135676,112024.617896,54.061852,12
800,1.570796,1.700000,801,5636.037922,112050.016891,54.061852,12
801,1.570796,1.700000,802,5637.934041,112080.388831,54.061852,12
802,1.570796,1.700000,803,5649.719378,112194.456921,54.061852,12
803,1.570796,1.700000,804,5651.634264,112254.648099,54.061852,12
804,1.570796,1.700000,805,5651.634264,112254.648099,54.061852,12
805,1.570796,1.700000,806,5651.634264,112254.648099,54.061852,12
806,1.570796,1.700000,807,5651.634264,112254.648099,54.061852,12
807,1.570796,1.700000,808,5651.634264,112254.648099,54.061852,12
808,1.570796,1.700000,809,5651.634264,112254.648099,54.061852,12
809,1.570796,1.700000,810,5651.634264,112254.648099,54.061852,12
810,1.570796,1.700000,811,5651.634264,112254.648099,54.061852,12
811,1.570796,1.700000,812,5651.634264,112254.648099,54.061852,12
812,1.570796,1.700000,813,5651.634264,112254.648099,54.061852,12
813,1.570796,1.700000,814,5651.634264,112254.648099,54.061852,12
814,1.570796,1.700000,815,5651.634264,112254.648099,54.061852,12
815,1.570796,1.700000,816,5651.634264,112254.648099,54.061852,12
816,1.570796,1.700000,817,5653.532472,112300.263344,54.061852,12
817,1.570796,1.700000,818,5653.532472,112300.263344,54.061852,12
818,1.570796,1.700000,819,5659.168126,112480.510680,54.061852,12
819,1.570796,1.700000,820,5659.168126,112480.510680,54.061852,12
820,1.570796,1.700000,821,5686.575652,113014.595991,54.061852,12
821,1.570796,1.700000,822,5689.719678,113048.099395,54.061852,12
822,1.570796,1.700000,823,5690.713826,113049.087725,54.061852,12
823,1.570796,1.700000,824,5690.713826,113049.087725,54.061852,12
824,1.570796,1.700000,825,5690.713826,113049.087725,54.061852,12
825,1.570796,1.700000,826,5690.713826,113049.087725,54.061852,12
826,1.570796,1.700000,827,5690.713826,113049.087725,54.061852,12
827,1.570796,1.700000,828,5697.764858,113098.804770,54.061852,12
828,1.570796,1.700000,829,5697.764858,113098.804770,54.061852,12
829,1.570796,1.700000,830,5698.697356,113099.674323,54.061852,12
830,1.570796,1.700000,831,5698.697356,113099.674323,54.061852,12
831,1.570796,1.700000,832,5698.697356,113099.674323,54.061852,12
832,1.570796,1.700000,833,5698.697356,113099.674323,54.061852,12
833,1.570796,1.700000,834,5698.697356,113099.674323,54.061852,12
834,1.570796,1.700000,835,5698.697356,113099.674323,54.061852,12
835,1.570796,1.700000,836,5698.697356,113099.674323,54.061852,12
836,1.570796,1.700000,837,5698.697356,113099.674323,54.061852,12
837,1.570796,1.700000,838,5698.697356,113099.674323,54.061852,12
838,1.570796,1.700000,839,5704.444416,113237.885638,54.061852,12
839,1.570796,1.700000,840,5704.444416,113237.885638,54.061852,12
840,1.570796,1.700000,841,5704.444416,113237.885638,54.061852,12
841,1.570796,1.700000,842,5710.034807,113320.261096,54.061852,12
842,1.570796,1.700000,843,5712.849305,113328.182497,54.061852,12
843,1.570796,1.700000,844,5712.849305,113328.182497,54.061852,12
844,1.570796,1.700000,845,5712.849305,113328.182497,54.061852,12
845,1.570796,1.700000,846,5712.849305,113328.182497,54.061852,12
846,1.570796,1.700000,847,5712.849305,113328.182497,54.061852,12
847,1.570796,1.700000,848,5712.849305,113328.182497,54.061852,12
848,1.570796,1.700000,849,5712.849305,113328.182497,54.061852,12
849,1.570796,1.700000,850,5712.849305,113328.182497,54.061852,12
850,1.570796,1.700000,851,5712.849305,113328.182497,54.061852,12
851,1.570796,1.700000,852,5712.849305,113328.182497,54.061852,12
852,1.570796,1.700000,853,5712.849305,113328.182497,54.061852,12
853,1.570796,1.700000,854,5712.849305,113328.182497,54.061852,12
854,1.570796,1.700000,855,5712.849305,113328.182497,54.061852,12
855,1.570796,1.700000,856,5712.849305,113328.182497,54.061852,12
856,1.570796,1.700000,857,5712.849305,113328.182497,54.061852,12
857,1.570796,1.700000,858,5712.849305,113328.182497,54.061852,12
858,1.570796,1.700000,859,7358.577729,139863.758435,62.389220,13
859,1.570796,1.700000,860,7358.577729,139863.758435,62.389220,13
860,1.570796,1.700000,861,7361.338164,139896.583852,62.389220,13
861,1.570796,1.700000,862,7462.739510,143698.296099,62.389220,13
862,1.570796,1.700000,863,7468.315012,143821.721530,62.389220,13
863,1.570796,1.700000,864,7511.846031,145444.412453,62.389220,13
864,1.570796,1.700000,865,7531.690451,146236.485716,62.389220,13
865,1.570796,1.700000,866,7559.912987,147300.547277,62.389220,13
866,1.570796,1.700000,867,7585.322291,148720.491084,62.389220,13
867,1.570796,1.700000,868,7601.202871,149052.886585,62.389220,13
868,1.570796,1.700000,869,7603.987669,149210.313872,62.389220,13
869,1.570796,1.700000,870,7625.101642,150122.913197,62.389220,13
870,1.570796,1.700000,871,7630.254784,150141.415464,62.389220,13
871,1.570796,1.700000,872,7635.594885,150380.771635,62.389220,13
872,1.570796,1.700000,873,7688.159685,153040.160054,64.006576,13
873,1.570796,1.700000,874,7691.624154,153097.758706,64.006576,13
874,1.570796,1.700000,875,7704.447843,153333.241332,64.006576,13
875,1.570796,1.700000,876,7739.608343,153917.341718,64.006576,13
876,1.570796,1.700000,877,7739.608343,153917.341718,64.006576,13
877,1.570796,1.700000,878,7739.608343,153917.341718,64.006576,13
878,1.570796,1.700000,879,7748.684768,154172.090485,64.006576,13
879,1.570796,1.700000,880,7815.173310,157186.078249,64.006576,13
880,1.570796,1.700000,881,7860.294483,158757.401731,64.006576,13
881,1.570796,1.700000,882,7895.584310,160114.240962,64.006576,13
882,1.570796,1.700000,883,7919.474592,160577.373633,64.006576,13
883,1.570796,1.700000,884,7924.109940,160678.097832,64.006576,13
884,1.570796,1.700000,885,7948.745245,161152.408545,64.006576,13
885,1.570796,1.700000,886,7967.312938,161621.436719,64.006576,13
886,1.570796,1.700000,887,8011.981757,163154.458925,64.006576,13
887,1.570796,1.700000,888,8031.127660,163595.907240,64.006576,13
888,1.570796,1.700000,889,8043.970057,163755.107551,64.006576,13
889,1.570796,1.700000,890,8051.016704,163878.370112,64.006576,13
890,1.570796,1.700000,891,8070.071004,164417.889429,64.006576,13
891,1.570796,1.700000,892,8078.660708,164582.411415,64.006576,13
892,1.570796,1.700000,893,8117.164344,165538.640767,64.006576,13
893,1.570796,1.700000,894,8170.181757,167044.886678,64.006576,13
894,1.570796,1.700000,895,8178.576996,167268.934507,64.006576,13
895,1.570796,1.700000,896,8181.373627,167276.961807,64.006576,13
896,1.570796,1.700000,897,8183.263569,167287.092434,64.006576,13
897,1.570796,1.700000,898,8186.838550,167394.552287,64.006576,13
898,1.570796,1.700000,899,8190.423829,167432.632958,64.006576,13
899,1.570796,1.700000,900,8261.567090,171273.076483,64.006576,13
900,1.570796,1.700000,901,8321.086379,174565.588954,64.006576,13
901,1.570796,1.700000,902,8328.254862,174616.976100,64.006576,13
902,1.570796,1.700000,903,8352.227646,175675.358869,64.006576,13
903,1.570796,1.700000,904,8353.102467,175676.124182,64.006576,13
904,1.570796,1.700000,905,8357.485666,175729.042240,64.006576,13
905,1.570796,1.700000,906,8370.997506,176266.356984,64.006576,13
906,1.570796,1.700000,907,8393.471180,177127.331182,64.006576,13
907,1.570796,1.700000,908,8399.767744,177166.977898,64.006576,13
908,1.570796,1.700000,909,8406.357574,177277.681586,64.006576,13
909,1.570796,1.700000,910,8434.385808,178481.655881,64.006576,13
910,1.570796,1.700000,911,8441.647444,178694.581572,64.006576,13
911,1.570796,1.700000,912,8460.190127,179115.301367,64.006576,13
912,1.570796,1.700000,913,8468.956714,179189.849498,64.006576,13
913,1.570796,1.700000,914,8468.956714,179189.849498,64.006576,13
914,1.570796,1.700000,915,8490.457692,179585.624557,64.006576,13
915,1.570796,1.700000,916,8493.236854,179632.507397,64.006576,13
916,1.570796,1.700000,917,8501.249478,179685.025048,64.006576,13
917,1.570796,1.700000,918,8546.637624,181512.749368,64.006576,13
918,1.570796,1.700000,919,8550.076579,181626.962650,64.006576,13
919,1.570796,1.700000,920,8557.777950,181690.799741,64.006576,13
920,1.570796,1.700000,921,8597.918467,183620.855649,64.006576,13
921,1.570796,1.700000,922,8612.578945,183964.687781,64.006576,13
922,1.570796,1.700000,923,8661.714702,185514.122287,64.006576,13
923,1.570796,1.700000,924,8661.714702,185514.122287,64.006576,13
924,1.570796,1.700000,925,8661.714702,185514.122287,64.006576,13
925,1.570796,1.700000,926,8669.245744,185617.226501,64.006576,13
926,1.570796,1.700000,927,8681.472953,185724.735776,64.006576,13
927,1.570796,1.700000,928,8681.472953,185724.735776,64.006576,13
928,1.570796,1.700000,929,8688.316303,185950.986710,64.006576,13
929,1.570796,1.700000,930,8695.954339,186131.027147,64.006576,13
930,1.570796,1.700000,931,8703.776741,186176.118787,64.006576,13
931,1.570796,1.700000,932,8708.746430,186200.816594,64.006576,13
932,1.570796,1.700000,933,8711.652328,186262.366947,64.006576,13
933,1.570796,1.700000,934,8718.724606,186312.384057,64.006576,13
934,1.570796,1.700000,935,8718.724606,186312.384057,64.006576,13
935,1.570796,1.700000,936,8718.724606,186312.384057,64.006576,13
936,1.570796,1.700000,937,8725.431134,186392.978813,64.006576,13
937,1.570796,1.700000,938,8729.070049,186401.087028,64.006576,13
938,1.570796,1.700000,939,8729.070049,186401.087028,64.006576,13
939,1.570796,1.700000,940,8729.070049,186401.087028,64.006576,13
940,1.570796,1.700000,941,8741.181776,186502.206293,64.006576,13
941,1.570796,1.700000,942,8744.754794,186514.972751,64.006576,13
942,1.570796,1.700000,943,8744.754794,186514.972751,64.006576,13
943,1.570796,1.700000,944,8744.754794,186514.972751,64.006576,13
944,1.570796,1.700000,945,8744.754794,186514.972751,64.006576,13
945,1.570796,1.700000,946,8744.754794,186514.972751,64.006576,13
946,1.570796,1.700000,947,8749.629407,186653.632505,64.006576,13
947,1.570796,1.700000,948,8756.966786,186707.469636,64.006576,13
948,1.570796,1.700000,949,8763.377538,186748.567380,64.006576,13
949,1.570796,1.700000,950,8779.749919,186970.160131,64.006576,13
950,1.570796,1.700000,951,8779.749919,186970.160131,64.006576,13
951,1.570796,1.700000,952,8779.749919,186970.160131,64.006576,13
952,1.570796,1.700000,953,8779.749919,186970.160131,64.006576,13
953,1.570796,1.700000,954,8801.037402,188190.361095,64.006576,13
954,1.570796,1.700000,955,8861.962113,190571.764194,64.006576,13
955,1.570796,1.700000,956,8868.643077,191061.316414,64.006576,13
956,1.570796,1.700000,957,8908.718505,192752.639142,64.006576,13
957,1.570796,1.700000,958,8934.009629,193019.118312,64.006576,13
958,1.570796,1.700000,959,8952.244897,193563.112877,64.006576,13
959,1.570796,1.700000,960,8978.181611,194639.866214,64.006576,13
960,1.570796,1.700000,961,8989.391716,194937.602116,64.006576,13
961,1.570796,1.700000,962,8999.630017,195418.445580,64.006576,13
962,1.570796,1.700000,963,9042.901477,197249.386891,64.006576,13
963,1.570796,1.700000,964,9042.901477,197249.386891,64.006576,13
964,1.570796,1.700000,965,9052.908373,197593.953713,64.006576,13
965,1.570796,1.700000,966,9063.807905,197918.580285,64.006576,13
966,1.570796,1.700000,967,9063.807905,197918.580285,64.006576,13
967,1.570796,1.700000,968,9067.368275,197985.309860,64.006576,13
968,1.570796,1.700000,969,9124.135860,200459.569761,64.006576,13
969,1.570796,1.700000,970,9139.380276,200770.732784,64.006576,13
970,1.570796,1.700000,971,9147.211795,200846.179762,64.006576,13
971,1.570796,1.700000,972,9165.044076,201235.303510,64.006576,13
972,1.570796,1.700000,973,9166.977779,201262.550018,64.006576,13
973,1.570796,1.700000,974,9182.690958,201846.234738,64.006576,13
974,1.570796,1.700000,975,9190.246714,202145.944633,64.006576,13
975,1.570796,1.700000,976,9198.460856,202375.329505,64.006576,13
976,1.570796,1.700000,977,9209.660821,202709.175095,64.006576,13
977,1.570796,1.700000,978,9238.307392,203906.281924,64.006576,13
978,1.570796,1.700000,979,9244.534001,203951.726557,64.006576,13
979,1.570796,1.700000,980,9244.534001,203951.726557,64.006576,13
980,1.570796,1.700000,981,9244.534001,203951.726557,64.006576,13
981,1.570796,1.700000,982,9250.663397,204071.461725,64.006576,13
982,1.570796,1.700000,983,9250.663397,204071.461725,64.006576,13
983,1.570796,1.700000,984,9250.663397,204071.461725,64.006576,13
984,1.570796,1.700000,985,9250.663397,204071.461725,64.006576,13
985,1.570796,1.700000,986,9250.663397,204071.461725,64.006576,13
986,1.570796,1.700000,987,9272.874387,205068.928057,64.006576,13
987,1.570796,1.700000,988,9276.457348,205104.295511,64.006576,13
988,1.570796,1.700000,989,9277.399448,205113.669679,64.006576,13
989,1.570796,1.700000,990,9284.818513,205154.548884,64.006576,13
990,1.570796,1.700000,991,9288.376276,205197.369369,64.006576,13
991,1.570796,1.700000,992,9291.403545,205236.992087,64.006576,13
992,1.570796,1.700000,993,9291.403545,205236.992087,64.006576,13
993,1.570796,1.700000,994,9291.403545,205236.992087,64.006576,13
994,1.570796,1.700000,995,9303.943470,205511.640824,64.006576,13
995,1.570796,1.700000,996,9303.943470,205511.640824,64.006576,13
996,1.570796,1.700000,997,9344.977398,207033.610752,64.006576,13
997,1.570796,1.700000,998,9349.585393,207120.815282,64.006576,13
998,1.570796,1.700000,999,9349.585393,207120.815282,64.006576,13
999,1.570796,1.700000,1000,9349.585393,207120.815282,64.006576,13
1000,1.570796,1.700000,1001,9349.585393,207120.815282,64.006576,13
1001,1.570796,1.700000,1002,9364.367534,207286.209654,64.006576,13
1002,1.570796,1.700000,1003,9364.367534,207286.209654,64.006576,13
1003,1.570796,1.700000,1004,9364.367534,207286.209654,64.006576,13
1004,1.570796,1.700000,1005,9366.273759,207288.027872,64.006576,13
1005,1.570796,1.700000,1006,9366.273759,207288.027872,64.006576,13
1006,1.570796,1.700000,1007,9372.527916,207465.562061,64.006576,13
1007,1.570796,1.700000,1008,9385.020627,207680.396139,64.006576,13
1008,1.570796,1.700000,1009,9385.020627,207680.396139,64.006576,13
1009,1.570796,1.700000,1010,9395.450500,207853.569288,64.006576,13
1010,1.570796,1.700000,1011,9401.472687,207978.332954,64.006576,13
1011,1.570796,1.700000,1012,9401.472687,207978.332954,64.006576,13
1012,1.570796,1.700000,1013,9432.136823,208625.830104,64.006576,13
1013,1.570796,1.700000,1014,9432.136823,208625.830104,64.006576,13
1014,1.570796,1.700000,1015,9432.136823,208625.830104,64.006576,13
1015,1.570796,1.700000,1016,9432.136823,208625.830104,64.006576,13
1016,1.570796,1.700000,1017,9435.006645,208634.065985,64.006576,13
1017,1.570796,1.700000,1018,9435.006645,208634.065985,64.006576,13
1018,1.570796,1.700000,1019,9435.006645,208634.065985,64.006576,13
1019,1.570796,1.700000,1020,9442.787948,208753.981212,64.006576,13
1020,1.570796,1.700000,1021,9443.720446,208756.589869,64.006576,13
1021,1.570796,1.700000,1022,9450.280199,209024.872730,64.006576,13
1022,1.570796,1.700000,1023,9450.280199,209024.872730,64.006576,13
1023,1.570796,1.700000,1024,9455.708167,209106.217973,64.006576,13
1024,1.570796,1.700000,1025,9455.708167,209106.217973,64.006576,13
1025,1.570796,1.700000,1026,9459.367042,209145.740954,64.006576,13
1026,1.570796,1.700000,1027,9464.363141,209170.701960,64.006576,13
1027,1.570796,1.700000,1028,9464.363141,209170.701960,64.006576,13
1028,1.570796,1.700000,1029,9464.363141,209170.701960,64.006576,13
1029,1.570796,1.700000,1030,9464.363141,209170.701960,64.006576,13
1030,1.570796,1.700000,1031,9468.501587,209342.620123,64.006576,13
1031,1.570796,1.700000,1032,9468.501587,209342.620123,64.006576,13
1032,1.570796,1.700000,1033,9468.501587,209342.620123,64.006576,13
1033,1.570796,1.700000,1034,9468.501587,209342.620123,64.006576,13
1034,1.570796,1.700000,1035,9474.731962,209393.692527,64.006576,13
1035,1.570796,1.700000,1036,9474.731962,209393.692527,64.006576,13
1036,1.570796,1.700000,1037,9474.731962,209393.692527,64.006576,13
1037,1.570796,1.700000,1038,9474.731962,209393.692527,64.006576,13
1038,1.570796,1.700000,1039,9474.731962,209393.692527,64.006576,13
1039,1.570796,1.700000,1040,9474.731962,209393.692527,64.006576,13
1040,1.570796,1.700000,1041,9474.731962,209393.692527,64.006576,13
1041,1.570796,1.700000,1042,9474.731962,209393.692527,64.006576,13
1042,1.570796,1.700000,1043,9480.693691,209471.182165,64.006576,13
1043,1.570796,1.700000,1044,9500.323316,210653.441948,64.006576,13
1044,1.570796,1.700000,1045,9507.625751,211072.778790,64.006576,13
1045,1.570796,1.700000,1046,9516.356743,211388.161905,64.006576,13
1046,1.570796,1.700000,1047,9525.103373,211646.694115,64.006576,13
1047,1.570796,1.700000,1048,9537.946041,212088.034318,64.006576,13
1048,1.570796,1.700000,1049,9537.946041,212088.034318,64.006576,13
1049,1.570796,1.700000,1050,9585.764606,213432.610709,64.006576,13
1050,1.570796,1.700000,1051,9590.762733,213546.892489,64.006576,13
1051,1.570796,1.700000,1052,9598.280156,213646.155193,64.006576,13
1052,1.570796,1.700000,1053,9598.280156,213646.155193,64.006576,13
1053,1.570796,1.700000,1054,9598.280156,213646.155193,64.006576,13
1054,1.570796,1.700000,1055,9607.281745,213885.153527,64.006576,13
1055,1.570796,1.700000,1056,9607.281745,213885.153527,64.006576,13
1056,1.570796,1.700000,1057,9611.738192,213958.659921,64.006576,13
1057,1.570796,1.700000,1058,9617.772543,214069.897623,64.006576,13
1058,1.570796,1.700000,1059,9617.772543,214069.897623,64.006576,13
1059,1.570796,1.700000,1060,9628.717988,214244.465998,64.006576,13
1060,1.570796,1.700000,1061,9640.661764,214813.774969,64.006576,13
1061,1.570796,1.700000,1062,9649.005983,215023.351715,64.006576,13
1062,1.570796,1.700000,1063,9668.826582,215735.385549,64.006576,13
1063,1.570796,1.700000,1064,9674.354626,215807.679174,64.006576,13
1064,1.570796,1.700000,1065,9680.855714,215944.205156,64.006576,13
1065,1.570796,1.700000,1066,9680.855714,215944.205156,64.006576,13
1066,1.570796,1.700000,1067,9706.894721,217085.310125,64.006576,13
1067,1.570796,1.700000,1068,9706.894721,217085.310125,64.006576,13
1068,1.570796,1.700000,1069,9712.926360,217188.832913,64.006576,13
1069,1.570796,1.700000,1070,9712.926360,217188.832913,64.006576,13
1070,1.570796,1.700000,1071,9722.239852,217235.993494,64.006576,13
1071,1.570796,1.700000,1072,9789.903950,219358.870008,64.006576,13
1072,1.570796,1.700000,1073,9809.221921,220538.032184,64.006576,13
1073,1.570796,1.700000,1074,9809.221921,220538.032184,64.006576,13
1074,1.570796,1.700000,1075,9819.182362,220665.479499,64.006576,13
1075,1.570796,1.700000,1076,9819.182362,220665.479499,64.006576,13
1076,1.570796,1.700000,1077,9819.182362,220665.479499,64.006576,13
1077,1.570796,1.700000,1078,9821.113885,220707.692633,64.006576,13
1078,1.570796,1.700000,1079,9821.113885,220707.692633,64.006576,13
1079,1.570796,1.700000,1080,9827.425173,220859.516768,64.006576,13
1080,1.570796,1.700000,1081,9827.425173,220859.516768,64.006576,13
1081,1.570796,1.700000,1082,9827.425173,220859.516768,64.006576,13
1082,1.570796,1.700000,1083,9829.286112,220879.064746,64.006576,13
1083,1.570796,1.700000,1084,9829.286112,220879.064746,64.006576,13
1084,1.570796,1.700000,1085,9835.817469,220999.166765,64.006576,13
1085,1.570796,1.700000,1086,9848.544426,221720.704249,64.006576,13
1086,1.570796,1.700000,1087,9857.800468,221927.780935,64.006576,13
1087,1.570796,1.700000,1088,9885.303977,222852.032646,64.006576,13
1088,1.570796,1.700000,1089,9897.983089,222961.117537,64.006576,13
1089,1.570796,1.700000,1090,9909.880355,223179.056876,64.006576,13
1090,1.570796,1.700000,1091,9924.811326,223383.058836,64.006576,13
1091,1.570796,1.700000,1092,9924.811326,223383.058836,64.006576,13
1092,1.570796,1.700000,1093,9935.751624,223456.677329,64.006576,13
1093,1.570796,1.700000,1094,9935.751624,223456.677329,64.006576,13
1094,1.570796,1.700000,1095,9943.046711,223616.529818,64.006576,13
1095,1.570796,1.700000,1096,9943.046711,223616.529818,64.006576,13
1096,1.570796,1.700000,1097,9943.046711,223616.529818,64.006576,13
1097,1.570796,1.700000,1098,9950.449410,223698.617429,64.006576,13
1098,1.570796,1.700000,1099,9950.449410,223698.617429,64.006576,13
1099,1.570796,1.700000,1100,9950.449410,223698.617429,64.006576,13
1100,1.570796,1.700000,1101,9953.351880,223707.041756,64.006576,13
1101,1.570796,1.700000,1102,9953.351880,223707.041756,64.006576,13
1102,1.570796,1.700000,1103,9960.300594,223735.843782,64.006576,13
1103,1.570796,1.700000,1104,9966.339740,223846.266687,64.006576,13
1104,1.570796,1.700000,1105,9981.016274,224185.879505,64.006576,13
1105,1.570796,1.700000,1106,9989.166226,224294.694385,64.006576,13
1106,1.570796,1.700000,1107,9989.166226,224294.694385,64.006576,13
1107,1.570796,1.700000,1108,9991.077529,224340.335927,64.006576,13
1108,1.570796,1.700000,1109,10010.498938,225154.137567,64.006576,13
1109,1.570796,1.700000,1110,10010.498938,225154.137567,64.006576,13
1110,1.570796,1.700000,1111,10010.498938,225154.137567,64.006576,13
1111,1.570796,1.700000,1112,10031.358848,226402.696954,64.006576,13
1112,1.570796,1.700000,1113,10031.358848,226402.696954,64.006576,13
1113,1.570796,1.700000,1114,10031.358848,226402.696954,64.006576,13
1114,1.570796,1.700000,1115,10031.358848,226402.696954,64.006576,13
1115,1.570796,1.700000,1116,10031.358848,226402.696954,64.006576,13
1116,1.570796,1.700000,1117,10031.358848,226402.696954,64.006576,13
1117,1.570796,1.700000,1118,10031.358848,226402.696954,64.006576,13
1118,1.570796,1.700000,1119,10031.358848,226402.696954,64.006576,13
1119,1.570796,1.700000,1120,10031.358848,226402.696954,64.006576,13
1120,1.570796,1.700000,1121,10035.677109,226421.344331,64.006576,13
1121,1.570796,1.700000,1122,10043.028133,226603.092910,64.006576,13
1122,1.570796,1.700000,1123,10057.508184,227011.033202,64.006576,13
1123,1.570796,1.700000,1124,10059.405770,227044.542023,64.006576,13
1124,1.570796,1.700000,1125,10059.405770,227044.542023,64.006576,13
1125,1.570796,1.700000,1126,10065.289102,227079.155624,64.006576,13
1126,1.570796,1.700000,1127,10065.289102,227079.155624,64.006576,13
1127,1.570796,1.700000,1128,10065.289102,227079.155624,64.006576,13
1128,1.570796,1.700000,1129,10075.933349,227370.590327,64.006576,13
1129,1.570796,1.700000,1130,10075.933349,227370.590327,64.006576,13
1130,1.570796,1.700000,1131,10075.933349,227370.590327,64.006576,13
1131,1.570796,1.700000,1132,10076.894166,227375.310059,64.006576,13
1132,1.570796,1.700000,1133,10076.894166,227375.310059,64.006576,13
1133,1.570796,1.700000,1134,10076.894166,227375.310059,64.006576,13
1134,1.570796,1.700000,1135,10076.894166,227375.310059,64.006576,13
1135,1.570796,1.700000,1136,10076.894166,227375.310059,64.006576,13
1136,1.570796,1.700000,1137,10076.894166,227375.310059,64.006576,13
1137,1.570796,1.700000,1138,10094.578982,227952.252313,64.006576,13
1138,1.570796,1.700000,1139,10114.470172,228157.161492,64.006576,13
1139,1.570796,1.700000,1140,10114.470172,228157.161492,64.006576,13
1140,1.570796,1.700000,1141,10114.470172,228157.161492,64.006576,13
1141,1.570796,1.700000,1142,10126.305217,228286.997460,64.006576,13
1142,1.570796,1.700000,1143,10130.023965,228321.287584,64.006576,13
1143,1.570796,1.700000,1144,10130.023965,228321.287584,64.006576,13
1144,1.570796,1.700000,1145,10130.023965,228321.287584,64.006576,13
1145,1.570796,1.700000,1146,10130.023965,228321.287584,64.006576,13
1146,1.570796,1.700000,1147,10130.023965,228321.287584,64.006576,13
1147,1.570796,1.700000,1148,10144.399917,228840.430393,64.006576,13
1148,1.570796,1.700000,1149,10157.653589,229293.887033,64.006576,13
1149,1.570796,1.700000,1150,10157.653589,229293.887033,64.006576,13
1150,1.570796,1.700000,1151,10157.653589,229293.887033,64.006576,13
1151,1.570796,1.700000,1152,10161.980982,229362.595112,64.006576,13
1152,1.570796,1.700000,1153,10161.980982,229362.595112,64.006576,13
1153,1.570796,1.700000,1154,10178.266927,230001.878895,64.006576,13
1154,1.570796,1.700000,1155,10178.266927,230001.878895,64.006576,13
1155,1.570796,1.700000,1156,10178.266927,230001.878895,64.006576,13
1156,1.570796,1.700000,1157,10189.928974,230241.737360,64.006576,13
1157,1.570796,1.700000,1158,10197.745159,231038.440146,69.916403,13
1158,1.570796,1.700000,1159,10201.430586,231107.111188,69.916403,13
1159,1.570796,1.700000,1160,10213.329936,231275.628580,69.916403,13
1160,1.570796,1.700000,1161,10213.329936,231275.628580,69.916403,13
1161,1.570796,1.700000,1162,10213.329936,231275.628580,69.916403,13
1162,1.570796,1.700000,1163,10225.752342,231647.375073,69.916403,13
1163,1.570796,1.700000,1164,10225.752342,231647.375073,69.916403,13
1164,1.570796,1.700000,1165,10225.752342,231647.375073,69.916403,13
1165,1.570796,1.700000,1166,10228.527034,231655.073991,69.916403,13
1166,1.570796,1.700000,1167,10228.527034,231655.073991,69.916403,13
1167,1.570796,1.700000,1168,10228.527034,231655.073991,69.916403,13
1168,1.570796,1.700000,1169,10234.340746,231688.873240,69.916403,13
1169,1.570796,1.700000,1170,10244.574828,232127.101697,69.916403,13
1170,1.570796,1.700000,1171,10245.504381,232138.442745,69.916403,13
1171,1.570796,1.700000,1172,10245.504381,232138.442745,69.916403,13
1172,1.570796,1.700000,1173,10252.115738,232182.152781,69.916403,13
1173,1.570796,1.700000,1174,10252.115738,232182.152781,69.916403,13
1174,1.570796,1.700000,1175,10252.115738,232182.152781,69.916403,13
1175,1.570796,1.700000,1176,10252.115738,232182.152781,69.916403,13
1176,1.570796,1.700000,1177,10253.845496,232203.469515,69.916403,13
1177,1.570796,1.700000,1178,10253.845496,232203.469515,69.916403,13
1178,1.570796,1.700000,1179,10253.845496,232203.469515,69.916403,13
1179,1.570796,1.700000,1180,10254.830916,232228.880627,69.916403,13
1180,1.570796,1.700000,1181,10254.830916,232228.880627,69.916403,13
1181,1.570796,1.700000,1182,10256.610912,232249.851620,69.916403,13
1182,1.570796,1.700000,1183,10256.610912,232249.851620,69.916403,13
1183,1.570796,1.700000,1184,10261.944628,232314.112641,69.916403,13
1184,1.570796,1.700000,1185,10261.944628,232314.112641,69.916403,13
1185,1.570796,1.700000,1186,10266.563022,232335.442203,69.916403,13
1186,1.570796,1.700000,1187,10267.544927,232362.727364,69.916403,13
1187,1.570796,1.700000,1188,10269.367896,232380.702096,69.916403,13
1188,1.570796,1.700000,1189,10269.367896,232380.702096,69.916403,13
1189,1.570796,1.700000,1190,10269.367896,232380.702096,69.916403,13
1190,1.570796,1.700000,1191,10274.774661,232468.379419,69.916403,13
1191,1.570796,1.700000,1192,10275.750188,232469.331072,69.916403,13
1192,1.570796,1.700000,1193,10275.750188,232469.331072,69.916403,13
1193,1.570796,1.700000,1194,10275.750188,232469.331072,69.916403,13
1194,1.570796,1.700000,1195,10275.750188,232469.331072,69.916403,13
1195,1.570796,1.700000,1196,10275.750188,232469.331072,69.916403,13
1196,1.570796,1.700000,1197,10275.750188,232469.331072,69.916403,13
1197,1.570796,1.700000,1198,10275.750188,232469.331072,69.916403,13
1198,1.570796,1.700000,1199,10275.750188,232469.331072,69.916403,13
1199,1.570796,1.700000,1200,10275.750188,232469.331072,69.916403,13
1200,1.570796,1.700000,1201,10275.750188,232469.331072,69.916403,13
1201,1.570796,1.700000,1202,10275.750188,232469.331072,69.916403,13
1202,1.570796,1.700000,1203,10281.364572,232627.800958,69.916403,13
1203,1.570796,1.700000,1204,10281.364572,232627.800958,69.916403,13
1204,1.570796,1.700000,1205,10281.364572,232627.800958,69.916403,13
1205,1.570796,1.700000,1206,10281.364572,232627.800958,69.916403,13
1206,1.570796,1.700000,1207,10281.364572,232627.800958,69.916403,13
1207,1.570796,1.700000,1208,10281.364572,232627.800958,69.916403,13
1208,1.570796,1.700000,1209,10281.364572,232627.800958,69.916403,13
1209,1.570796,1.700000,1210,10281.364572,232627.800958,69.916403,13
1210,1.570796,1.700000,1211,10281.364572,232627.800958,69.916403,13
1211,1.570796,1.700000,1212,10281.364572,232627.800958,69.916403,13
1212,1.570796,1.700000,1213,10281.364572,232627.800958,69.916403,13
1213,1.570796,1.700000,1214,10281.364572,232627.800958,69.916403,13
1214,1.570796,1.700000,1215,10282.334554,232628.741822,69.916403,13
1215,1.570796,1.700000,1216,10282.334554,232628.741822,69.916403,13
1216,1.570796,1.700000,1217,10282.334554,232628.741822,69.916403,13
1217,1.570796,1.700000,1218,10282.334554,232628.741822,69.916403,13
1218,1.570796,1.700000,1219,10282.334554,232628.741822,69.916403,13
1219,1.570796,1.700000,1220,10285.025415,232751.106893,69.916403,13
1220,1.570796,1.700000,1221,10285.025415,232751.106893,69.916403,13
1221,1.570796,1.700000,1222,10285.025415,232751.106893,69.916403,13
1222,1.570796,1.700000,1223,10285.025415,232751.106893,69.916403,13
1223,1.570796,1.700000,1224,10285.025415,232751.106893,69.916403,13
1224,1.570796,1.700000,1225,10285.025415,232751.106893,69.916403,13
1225,1.570796,1.700000,1226,10285.025415,232751.106893,69.916403,13
1226,1.570796,1.700000,1227,10285.025415,232751.106893,69.916403,13
1227,1.570796,1.700000,1228,10285.025415,232751.106893,69.916403,13
1228,1.570796,1.700000,1229,10285.025415,232751.106893,69.916403,13
1229,1.570796,1.700000,1230,10285.025415,232751.106893,69.916403,13
1230,1.570796,1.700000,1231,10285.025415,232751.106893,69.916403,13
1231,1.570796,1.700000,1232,10285.025415,232751.106893,69.916403,13
1232,1.570796,1.700000,1233,10285.025415,232751.106893,69.916403,13
1233,1.570796,1.700000,1234,10285.025415,232751.106893,69.916403,13
1234,1.570796,1.700000,1235,10285.025415,232751.106893,69.916403,13
1235,1.570796,1.700000,1236,12285.222185,259793.315470,69.916403,14
1236,1.570796,1.700000,1237,12345.437931,262855.271565,69.916403,14
1237,1.570796,1.700000,1238,12480.778848,270248.100229,69.916403,14
1238,1.570796,1.700000,1239,12509.680176,272380.078340,69.916403,14
1239,1.570796,1.700000,1240,12557.856471,274654.382134,69.916403,14
1240,1.570796,1.700000,1241,12629.232816,278003.588238,72.715063,14
1241,1.570796,1.700000,1242,12642.450527,278303.595893,72.715063,14
1242,1.570796,1.700000,1243,12669.392278,278952.753161,72.715063,14
1243,1.570796,1.700000,1244,12685.872753,280164.199308,72.715063,14
1244,1.570796,1.700000,1245,12858.706173,288623.126398,72.715063,14
1245,1.570796,1.700000,1246,12892.848170,290073.335198,72.715063,14
1246,1.570796,1.700000,1247,12927.670321,291324.318551,72.715063,14
1247,1.570796,1.700000,1248,12942.008341,292191.466923,72.715063,14
1248,1.570796,1.700000,1249,12965.680533,292799.579655,72.715063,14
1249,1.570796,1.700000,1250,12965.680533,292799.579655,72.715063,14
1250,1.570796,1.700000,1251,13010.705565,294194.825142,72.715063,14
1251,1.570796,1.700000,1252,13122.137037,301151.353814,73.118212,14
1252,1.570796,1.700000,1253,13182.593082,304049.788479,73.118212,14
1253,1.570796,1.700000,1254,13206.854819,305200.902040,73.118212,14
1254,1.570796,1.700000,1255,13225.757201,305539.379896,73.118212,14
1255,1.570796,1.700000,1256,13239.862297,306043.518391,73.118212,14
1256,1.570796,1.700000,1257,13267.059029,306873.807699,73.118212,14
1257,1.570796,1.700000,1258,13292.207020,308140.873495,73.118212,14
1258,1.570796,1.700000,1259,13301.708891,308415.456604,73.118212,14
1259,1.570796,1.700000,1260,13311.382379,308716.874963,73.118212,14
1260,1.570796,1.700000,1261,13341.775171,309286.764511,73.118212,14
1261,1.570796,1.700000,1262,13361.987367,310039.016642,73.118212,14
1262,1.570796,1.700000,1263,13363.860191,310042.524112,73.118212,14
1263,1.570796,1.700000,1264,13367.469065,310055.548083,73.118212,14
1264,1.570796,1.700000,1265,13368.399151,310056.413143,73.118212,14
1265,1.570796,1.700000,1266,13386.145364,310492.683314,73.118212,14
1266,1.570796,1.700000,1267,13398.580470,310732.109674,73.118212,14
1267,1.570796,1.700000,1268,13413.656145,311297.472210,73.118212,14
1268,1.570796,1.700000,1269,13416.430123,311326.267243,73.118212,14
1269,1.570796,1.700000,1270,13482.901173,314584.528801,73.118212,14
1270,1.570796,1.700000,1271,13531.291064,317307.196964,73.118212,14
1271,1.570796,1.700000,1272,13560.057515,318413.879050,73.118212,14
1272,1.570796,1.700000,1273,13631.172311,323490.785950,73.118212,14
1273,1.570796,1.700000,1274,13638.535827,323881.338872,73.118212,14
1274,1.570796,1.700000,1275,13648.491207,324010.814950,73.118212,14
1275,1.570796,1.700000,1276,13691.114809,326046.892303,73.118212,14
1276,1.570796,1.700000,1277,13700.355577,326437.356517,73.118212,14
1277,1.570796,1.700000,1278,13734.342042,328531.931144,73.118212,14
1278,1.570796,1.700000,1279,13755.547053,329218.078789,73.118212,14
1279,1.570796,1.700000,1280,13780.537735,330220.043096,73.118212,14
1280,1.570796,1.700000,1281,13788.590650,330379.987798,73.118212,14
1281,1.570796,1.700000,1282,13811.208393,330847.884356,73.118212,14
1282,1.570796,1.700000,1283,13820.971060,330966.136836,73.118212,14
1283,1.570796,1.700000,1284,13827.550725,331222.736493,73.118212,14
1284,1.570796,1.700000,1285,13930.758259,336015.487935,73.118212,14
1285,1.570796,1.700000,1286,13960.364004,337125.182902,73.118212,14
1286,1.570796,1.700000,1287,13975.983891,337380.674669,73.118212,14
1287,1.570796,1.700000,1288,13987.993146,337524.741950,73.118212,14
1288,1.570796,1.700000,1289,13987.993146,337524.741950,73.118212,14
1289,1.570796,1.700000,1290,14032.346675,338943.951124,73.118212,14
1290,1.570796,1.700000,1291,14032.346675,338943.951124,73.118212,14
1291,1.570796,1.700000,1292,14037.652517,338972.103087,73.118212,14
1292,1.570796,1.700000,1293,14041.497794,339178.914189,73.118212,14
1293,1.570796,1.700000,1294,14055.908035,339304.520772,73.118212,14
1294,1.570796,1.700000,1295,14056.907330,339323.560856,73.118212,14
1295,1.570796,1.700000,1296,14067.851263,339456.583645,73.118212,14
1296,1.570796,1.700000,1297,14079.676482,339653.376854,73.118212,14
1297,1.570796,1.700000,1298,14079.676482,339653.376854,73.118212,14
1298,1.570796,1.700000,1299,14097.629687,339945.092195,73.118212,14
1299,1.570796,1.700000,1300,14115.146069,340213.857965,73.118212,14
1300,1.570796,1.700000,1301,14125.286569,340396.887342,73.118212,14
1301,1.570796,1.700000,1302,14125.286569,340396.887342,73.118212,14
1302,1.570796,1.700000,1303,14125.286569,340396.887342,73.118212,14
1303,1.570796,1.700000,1304,14128.842036,340430.813270,73.118212,14
1304,1.570796,1.700000,1305,14132.250029,340486.123291,73.118212,14
1305,1.570796,1.700000,1306,14146.064484,340801.269616,73.118212,14
1306,1.570796,1.700000,1307,14170.147782,342698.872601,73.118212,14
1307,1.570796,1.700000,1308,14214.790693,344586.067698,73.118212,14
1308,1.570796,1.700000,1309,14251.263945,346791.338755,73.118212,14
1309,1.570796,1.700000,1310,14311.738410,349820.064882,73.118212,14
1310,1.570796,1.700000,1311,14321.654559,350279.889914,73.118212,14
1311,1.570796,1.700000,1312,14413.125966,354860.573414,73.118212,14
1312,1.570796,1.700000,1313,14448.661799,356461.872665,73.118212,14
1313,1.570796,1.700000,1314,14468.053796,357315.353682,73.118212,14
1314,1.570796,1.700000,1315,14475.609552,357672.343200,73.118212,14
1315,1.570796,1.700000,1316,14496.926149,358832.912084,73.118212,14
1316,1.570796,1.700000,1317,14502.414057,359062.740120,73.118212,14
1317,1.570796,1.700000,1318,14513.614021,359522.417977,73.118212,14
1318,1.570796,1.700000,1319,14552.855711,360794.177839,73.118212,14
1319,1.570796,1.700000,1320,14559.324142,361285.303235,73.118212,14
1320,1.570796,1.700000,1321,14564.588343,361313.015044,73.118212,14
1321,1.570796,1.700000,1322,14571.137174,361354.516867,73.118212,14
1322,1.570796,1.700000,1323,14577.827125,361399.272300,73.118212,14
1323,1.570796,1.700000,1324,14586.276301,361525.810803,73.118212,14
1324,1.570796,1.700000,1325,14587.267689,361526.793652,73.118212,14
1325,1.570796,1.700000,1326,14587.267689,361526.793652,73.118212,14
1326,1.570796,1.700000,1327,14590.029114,361544.307530,73.118212,14
1327,1.570796,1.700000,1328,14625.672983,362514.915919,73.118212,14
1328,1.570796,1.700000,1329,14635.797443,362861.109371,73.118212,14
1329,1.570796,1.700000,1330,14646.508976,363092.489279,73.118212,14
1330,1.570796,1.700000,1331,14646.508976,363092.489279,73.118212,14
1331,1.570796,1.700000,1332,14655.757484,363198.261304,73.118212,14
1332,1.570796,1.700000,1333,14661.200413,363249.503776,73.118212,14
1333,1.570796,1.700000,1334,14665.803400,363272.638462,73.118212,14
1334,1.570796,1.700000,1335,14692.175452,364798.558335,73.118212,14
1335,1.570796,1.700000,1336,14696.769667,365009.678473,73.118212,14
1336,1.570796,1.700000,1337,14712.954683,365440.453051,73.118212,14
1337,1.570796,1.700000,1338,14712.954683,365440.453051,73.118212,14
1338,1.570796,1.700000,1339,14712.954683,365440.453051,73.118212,14
1339,1.570796,1.700000,1340,14719.156868,365479.775450,73.118212,14
1340,1.570796,1.700000,1341,14719.156868,365479.775450,73.118212,14
1341,1.570796,1.700000,1342,14720.057751,365484.143831,73.118212,14
1342,1.570796,1.700000,1343,14770.426535,367018.875757,73.118212,14
1343,1.570796,1.700000,1344,14796.126698,368223.888944,73.118212,14
1344,1.570796,1.700000,1345,14809.190537,368460.194897,73.118212,14
1345,1.570796,1.700000,1346,14809.190537,368460.194897,73.118212,14
1346,1.570796,1.700000,1347,14810.131743,368487.705182,73.118212,14
1347,1.570796,1.700000,1348,14811.023717,368488.500799,73.118212,14
1348,1.570796,1.700000,1349,14811.023717,368488.500799,73.118212,14
1349,1.570796,1.700000,1350,14811.956215,368492.848560,73.118212,14
1350,1.570796,1.700000,1351,14811.956215,368492.848560,73.118212,14
1351,1.570796,1.700000,1352,14816.055960,368575.638772,73.118212,14
1352,1.570796,1.700000,1353,14823.829816,368636.071614,73.118212,14
1353,1.570796,1.700000,1354,14833.130465,368817.699018,73.118212,14
1354,1.570796,1.700000,1355,14834.010404,368818.473309,73.118212,14
1355,1.570796,1.700000,1356,14834.010404,368818.473309,73.118212,14
1356,1.570796,1.700000,1357,14835.841667,368924.404125,73.118212,14
1357,1.570796,1.700000,1358,14846.442534,369207.502702,73.118212,14
1358,1.570796,1.700000,1359,14846.442534,369207.502702,73.118212,14
1359,1.570796,1.700000,1360,14849.015848,369322.426802,73.118212,14
1360,1.570796,1.700000,1361,14849.015848,369322.426802,73.118212,14
1361,1.570796,1.700000,1362,14861.059234,369507.857483,73.118212,14
1362,1.570796,1.700000,1363,14861.059234,369507.857483,73.118212,14
1363,1.570796,1.700000,1364,14861.059234,369507.857483,73.118212,14
1364,1.570796,1.700000,1365,14861.059234,369507.857483,73.118212,14
1365,1.570796,1.700000,1366,14861.059234,369507.857483,73.118212,14
1366,1.570796,1.700000,1367,14861.059234,369507.857483,73.118212,14
1367,1.570796,1.700000,1368,14861.059234,369507.857483,73.118212,14
1368,1.570796,1.700000,1369,14861.059234,369507.857483,73.118212,14
1369,1.570796,1.700000,1370,14874.432510,369645.756364,73.118212,14
1370,1.570796,1.700000,1371,14874.432510,369645.756364,73.118212,14
1371,1.570796,1.700000,1372,14925.470510,373028.158553,76.913491,14
1372,1.570796,1.700000,1373,14937.123347,373598.270042,76.913491,14
1373,1.570796,1.700000,1374,14950.199804,373830.920214,76.913491,14
1374,1.570796,1.700000,1375,14992.603013,375751.750873,76.913491,14
1375,1.570796,1.700000,1376,14992.603013,375751.750873,76.913491,14
1376,1.570796,1.700000,1377,14998.776706,376108.458570,76.913491,14
1377,1.570796,1.700000,1378,15015.033304,376711.848142,76.913491,14
1378,1.570796,1.700000,1379,15016.024089,376727.975028,76.913491,14
1379,1.570796,1.700000,1380,15017.776069,376770.761213,76.913491,14
1380,1.570796,1.700000,1381,15084.007515,379979.329276,76.913491,14
1381,1.570796,1.700000,1382,15088.979729,380065.059713,76.913491,14
1382,1.570796,1.700000,1383,15094.095487,380287.905383,76.913491,14
1383,1.570796,1.700000,1384,15097.773378,380365.769622,76.913491,14
1384,1.570796,1.700000,1385,15103.982683,380473.111866,76.913491,14
1385,1.570796,1.700000,1386,15176.833316,384272.017169,76.913491,14
1386,1.570796,1.700000,1387,15211.515347,386092.296106,76.913491,14
1387,1.570796,1.700000,1388,15227.047399,386689.244136,76.913491,14
1388,1.570796,1.700000,1389,15237.071145,386829.355743,76.913491,14
1389,1.570796,1.700000,1390,15256.303112,387252.496810,76.913491,14
1390,1.570796,1.700000,1391,15256.303112,387252.496810,76.913491,14
1391,1.570796,1.700000,1392,15263.720161,387460.199942,76.913491,14
1392,1.570796,1.700000,1393,15263.720161,387460.199942,76.913491,14
1393,1.570796,1.700000,1394,15278.948563,387757.629796,76.913491,14
1394,1.570796,1.700000,1395,15343.508897,391300.903059,76.913491,14
1395,1.570796,1.700000,1396,15355.261479,391448.042666,76.913491,14
1396,1.570796,1.700000,1397,15375.213066,391967.904516,76.913491,14
1397,1.570796,1.700000,1398,15388.227715,392456.925300,76.913491,14
1398,1.570796,1.700000,1399,15403.296015,392934.245560,76.913491,14
1399,1.570796,1.700000,1400,15403.296015,392934.245560,76.913491,14
1400,1.570796,1.700000,1401,15403.296015,392934.245560,76.913491,14
1401,1.570796,1.700000,1402,15413.180282,393296.600287,76.913491,14
1402,1.570796,1.700000,1403,15418.415189,393346.228993,76.913491,14
1403,1.570796,1.700000,1404,15419.330456,393347.066706,76.913491,14
1404,1.570796,1.700000,1405,15420.253579,393347.918863,76.913491,14
1405,1.570796,1.700000,1406,15447.880421,394535.325372,76.913491,14
1406,1.570796,1.700000,1407,15471.632937,395675.901832,76.913491,14
1407,1.570796,1.700000,1408,15488.815512,396223.285621,76.913491,14
1408,1.570796,1.700000,1409,15502.902924,396499.080867,76.913491,14
1409,1.570796,1.700000,1410,15510.088728,396563.245799,76.913491,14
1410,1.570796,1.700000,1411,15514.261222,396595.795322,76.913491,14
1411,1.570796,1.700000,1412,15537.863120,397318.857162,76.913491,14
1412,1.570796,1.700000,1413,15543.398247,397451.858116,76.913491,14
1413,1.570796,1.700000,1414,15546.916373,397484.897383,76.913491,14
1414,1.570796,1.700000,1415,15550.565201,397526.438269,76.913491,14
1415,1.570796,1.700000,1416,15569.826505,397794.511150,76.913491,14
1416,1.570796,1.700000,1417,15569.826505,397794.511150,76.913491,14
1417,1.570796,1.700000,1418,15570.793781,397804.252619,76.913491,14
1418,1.570796,1.700000,1419,15599.775543,398993.873417,76.913491,14
1419,1.570796,1.700000,1420,15625.579972,400046.093741,76.913491,14
1420,1.570796,1.700000,1421,15632.248897,400074.016544,76.913491,14
1421,1.570796,1.700000,1422,15647.060922,400448.192442,76.913491,14
1422,1.570796,1.700000,1423,15679.052776,401930.344236,76.913491,14
1423,1.570796,1.700000,1424,15679.052776,401930.344236,76.913491,14
1424,1.570796,1.700000,1425,15679.052776,401930.344236,76.913491,14
1425,1.570796,1.700000,1426,15686.178430,402030.291036,76.913491,14
1426,1.570796,1.700000,1427,15695.168212,402757.199768,76.913491,14
1427,1.570796,1.700000,1428,15698.005837,402764.967383,76.913491,14
1428,1.570796,1.700000,1429,15704.312604,402918.896450,76.913491,14
1429,1.570796,1.700000,1430,15718.683622,403889.274499,78.624890,14
1430,1.570796,1.700000,1431,15725.163362,404015.235576,78.624890,14
1431,1.570796,1.700000,1432,15725.163362,404015.235576,78.624890,14
1432,1.570796,1.700000,1433,15734.168929,404132.514221,78.624890,14
1433,1.570796,1.700000,1434,15741.442330,404180.040450,78.624890,14
1434,1.570796,1.700000,1435,15741.442330,404180.040450,78.624890,14
1435,1.570796,1.700000,1436,15745.763100,404198.709505,78.624890,14
1436,1.570796,1.700000,1437,15751.395679,404301.775436,78.624890,14
1437,1.570796,1.700000,1438,15751.395679,404301.775436,78.624890,14
1438,1.570796,1.700000,1439,15753.235086,404327.375753,78.624890,14
1439,1.570796,1.700000,1440,15770.393295,405306.871328,78.624890,14
1440,1.570796,1.700000,1441,15775.283143,405439.992953,78.624890,14
1441,1.570796,1.700000,1442,15779.684307,405527.794584,78.624890,14
1442,1.570796,1.700000,1443,15784.164617,405665.588235,78.624890,14
1443,1.570796,1.700000,1444,15788.693429,405768.121108,78.624890,14
1444,1.570796,1.700000,1445,15795.383721,405841.447712,78.624890,14
1445,1.570796,1.700000,1446,15801.223573,406076.121742,78.624890,14
1446,1.570796,1.700000,1447,15801.223573,406076.121742,78.624890,14
1447,1.570796,1.700000,1448,15809.418334,406279.841435,78.624890,14
1448,1.570796,1.700000,1449,15809.418334,406279.841435,78.624890,14
1449,1.570796,1.700000,1450,15812.979763,406312.818811,78.624890,14
1450,1.570796,1.700000,1451,15821.151281,406349.156488,78.624890,14
1451,1.570796,1.700000,1452,15823.920196,406362.123565,78.624890,14
1452,1.570796,1.700000,1453,15826.423702,406368.391105,78.624890,14
1453,1.570796,1.700000,1454,15828.214082,406422.565450,78.624890,14
1454,1.570796,1.700000,1455,15833.601557,406472.812693,78.624890,14
1455,1.570796,1.700000,1456,15833.601557,406472.812693,78.624890,14
1456,1.570796,1.700000,1457,15843.528826,406671.292920,78.624890,14
1457,1.570796,1.700000,1458,15843.528826,406671.292920,78.624890,14
1458,1.570796,1.700000,1459,15843.528826,406671.292920,78.624890,14
1459,1.570796,1.700000,1460,15848.725084,406782.528689,78.624890,14
1460,1.570796,1.700000,1461,15848.725084,406782.528689,78.624890,14
1461,1.570796,1.700000,1462,15848.725084,406782.528689,78.624890,14
1462,1.570796,1.700000,1463,15858.032017,406981.896932,78.624890,14
1463,1.570796,1.700000,1464,15858.032017,406981.896932,78.624890,14
1464,1.570796,1.700000,1465,15858.032017,406981.896932,78.624890,14
1465,1.570796,1.700000,1466,15858.032017,406981.896932,78.624890,14
1466,1.570796,1.700000,1467,15875.987776,407926.651366,78.624890,14
1467,1.570796,1.700000,1468,15875.987776,407926.651366,78.624890,14
1468,1.570796,1.700000,1469,15875.987776,407926.651366,78.624890,14
1469,1.570796,1.700000,1470,15875.987776,407926.651366,78.624890,14
1470,1.570796,1.700000,1471,15875.987776,407926.651366,78.624890,14
1471,1.570796,1.700000,1472,15875.987776,407926.651366,78.624890,14
1472,1.570796,1.700000,1473,15876.922240,407927.524589,78.624890,14
1473,1.570796,1.700000,1474,15876.922240,407927.524589,78.624890,14
1474,1.570796,1.700000,1475,15876.922240,407927.524589,78.624890,14
1475,1.570796,1.700000,1476,15879.743323,407975.271404,78.624890,14
1476,1.570796,1.700000,1477,15880.696938,407976.180785,78.624890,14
1477,1.570796,1.700000,1478,15880.696938,407976.180785,78.624890,14
1478,1.570796,1.700000,1479,15880.696938,407976.180785,78.624890,14
1479,1.570796,1.700000,1480,15895.650747,408246.561332,78.624890,14
1480,1.570796,1.700000,1481,15901.395185,408303.451082,78.624890,14
1481,1.570796,1.700000,1482,15929.166331,409696.041804,78.624890,14
1482,1.570796,1.700000,1483,15935.327157,409960.747851,78.624890,14
1483,1.570796,1.700000,1484,15956.731764,410593.892226,78.624890,14
1484,1.570796,1.700000,1485,15967.836499,411289.258212,78.624890,14
1485,1.570796,1.700000,1486,15969.681600,411315.996454,78.624890,14
1486,1.570796,1.700000,1487,15969.681600,411315.996454,78.624890,14
1487,1.570796,1.700000,1488,15985.963529,412242.811247,78.624890,14
1488,1.570796,1.700000,1489,16016.643024,413499.816230,78.624890,14
1489,1.570796,1.700000,1490,16046.408300,414428.895718,78.624890,14
1490,1.570796,1.700000,1491,16061.643512,415157.743691,78.624890,14
1491,1.570796,1.700000,1492,16092.250338,416002.494624,78.624890,14
1492,1.570796,1.700000,1493,16092.250338,416002.494624,78.624890,14
1493,1.570796,1.700000,1494,16095.783571,416014.978364,78.624890,14
1494,1.570796,1.700000,1495,16095.783571,416014.978364,78.624890,14
1495,1.570796,1.700000,1496,16108.399882,416300.440668,78.624890,14
1496,1.570796,1.700000,1497,16125.076705,416973.585066,78.624890,14
1497,1.570796,1.700000,1498,16137.062846,417167.753490,78.624890,14
1498,1.570796,1.700000,1499,16150.650347,417466.555196,78.624890,14
1499,1.570796,1.700000,1500,16170.020201,419012.345270,78.624890,14
1500,1.570796,1.700000,1501,16170.020201,419012.345270,78.624890,14
1501,1.570796,1.700000,1502,16173.650901,419159.846288,78.624890,14
1502,1.570796,1.700000,1503,16175.545956,419226.915553,78.624890,14
1503,1.570796,1.700000,1504,16175.545956,419226.915553,78.624890,14
1504,1.570796,1.700000,1505,16182.977015,419317.504414,78.624890,14
1505,1.570796,1.700000,1506,16203.913984,420770.811649,78.624890,14
1506,1.570796,1.700000,1507,16224.119728,421177.855730,78.624890,14
1507,1.570796,1.700000,1508,16226.972121,421288.087047,78.624890,14
1508,1.570796,1.700000,1509,16226.972121,421288.087047,78.624890,14
1509,1.570796,1.700000,1510,16230.544790,421504.319276,78.624890,14
1510,1.570796,1.700000,1511,16244.392401,422040.578151,78.624890,14
1511,1.570796,1.700000,1512,16244.392401,422040.578151,78.624890,14
1512,1.570796,1.700000,1513,16244.392401,422040.578151,78.624890,14
1513,1.570796,1.700000,1514,16247.036503,422065.601647,78.624890,14
1514,1.570796,1.700000,1515,16258.398141,422307.685263,78.624890,14
1515,1.570796,1.700000,1516,16258.398141,422307.685263,78.624890,14
1516,1.570796,1.700000,1517,16262.497600,422367.820251,78.624890,14
1517,1.570796,1.700000,1518,16264.361873,422371.295764,78.624890,14
1518,1.570796,1.700000,1519,16264.361873,422371.295764,78.624890,14
1519,1.570796,1.700000,1520,16270.432163,422419.435975,78.624890,14
1520,1.570796,1.700000,1521,16270.432163,422419.435975,78.624890,14
1521,1.570796,1.700000,1522,16270.432163,422419.435975,78.624890,14
1522,1.570796,1.700000,1523,16270.432163,422419.435975,78.624890,14
1523,1.570796,1.700000,1524,16273.891243,422512.975068,78.624890,14
1524,1.570796,1.700000,1525,16273.891243,422512.975068,78.624890,14
1525,1.570796,1.700000,1526,16273.891243,422512.975068,78.624890,14
1526,1.570796,1.700000,1527,16273.891243,422512.975068,78.624890,14
1527,1.570796,1.700000,1528,16294.571316,423467.900424,78.624890,14
1528,1.570796,1.700000,1529,16294.571316,423467.900424,78.624890,14
1529,1.570796,1.700000,1530,16296.526562,423552.861423,78.624890,14
1530,1.570796,1.700000,1531,16296.526562,423552.861423,78.624890,14
1531,1.570796,1.700000,1532,16334.642243,425221.293295,78.624890,14
1532,1.570796,1.700000,1533,16361.914328,426340.679888,78.624890,14
1533,1.570796,1.700000,1534,16378.489223,426637.819299,78.624890,14
1534,1.570796,1.700000,1535,16379.435976,426649.476304,78.624890,14
1535,1.570796,1.700000,1536,16381.246271,426675.963306,78.624890,14
1536,1.570796,1.700000,1537,16387.897196,427004.254347,78.624890,14
1537,1.570796,1.700000,1538,16392.108418,427241.815736,78.624890,14
1538,1.570796,1.700000,1539,16401.260616,427475.010901,78.624890,14
1539,1.570796,1.700000,1540,16401.260616,427475.010901,78.624890,14
1540,1.570796,1.700000,1541,16401.260616,427475.010901,78.624890,14
1541,1.570796,1.700000,1542,16401.260616,427475.010901,78.624890,14
1542,1.570796,1.700000,1543,16420.263717,427866.979645,78.624890,14
1543,1.570796,1.700000,1544,16429.292372,428074.600286,78.624890,14
1544,1.570796,1.700000,1545,16437.252276,428195.555861,78.624890,14
1545,1.570796,1.700000,1546,16437.252276,428195.555861,78.624890,14
1546,1.570796,1.700000,1547,16441.344826,428262.532952,78.624890,14
1547,1.570796,1.700000,1548,16464.305605,428913.032532,78.624890,14
1548,1.570796,1.700000,1549,16464.305605,428913.032532,78.624890,14
1549,1.570796,1.700000,1550,16469.727142,428981.226527,78.624890,14
1550,1.570796,1.700000,1551,16469.727142,428981.226527,78.624890,14
1551,1.570796,1.700000,1552,16469.727142,428981.226527,78.624890,14
1552,1.570796,1.700000,1553,16469.727142,428981.226527,78.624890,14
1553,1.570796,1.700000,1554,16496.237385,429602.369503,78.624890,14
1554,1.570796,1.700000,1555,16496.237385,429602.369503,78.624890,14
1555,1.570796,1.700000,1556,16496.237385,429602.369503,78.624890,14
1556,1.570796,1.700000,1557,16497.218523,429603.332137,78.624890,14
1557,1.570796,1.700000,1558,16497.218523,429603.332137,78.624890,14
1558,1.570796,1.700000,1559,16499.023253,429606.589185,78.624890,14
1559,1.570796,1.700000,1560,16499.023253,429606.589185,78.624890,14
1560,1.570796,1.700000,1561,16500.886700,429622.566355,78.624890,14
1561,1.570796,1.700000,1562,16509.884115,429926.800904,78.624890,14
1562,1.570796,1.700000,1563,16514.468777,429956.388436,78.624890,14
1563,1.570796,1.700000,1564,16514.468777,429956.388436,78.624890,14
1564,1.570796,1.700000,1565,16516.379036,429958.215122,78.624890,14
1565,1.570796,1.700000,1566,16516.379036,429958.215122,78.624890,14
1566,1.570796,1.700000,1567,16518.192845,429995.270297,78.624890,14
1567,1.570796,1.700000,1568,16521.968759,430034.964183,78.624890,14
1568,1.570796,1.700000,1569,16525.827427,430145.639038,78.624890,14
1569,1.570796,1.700000,1570,16525.827427,430145.639038,78.624890,14
1570,1.570796,1.700000,1571,16525.827427,430145.639038,78.624890,14
1571,1.570796,1.700000,1572,16525.827427,430145.639038,78.624890,14
1572,1.570796,1.700000,1573,16525.827427,430145.639038,78.624890,14
1573,1.570796,1.700000,1574,16525.827427,430145.639038,78.624890,14
1574,1.570796,1.700000,1575,16525.827427,430145.639038,78.624890,14
1575,1.570796,1.700000,1576,16526.785020,430163.409038,78.624890,14
1576,1.570796,1.700000,1577,16526.785020,430163.409038,78.624890,14
1577,1.570796,1.700000,1578,16526.785020,430163.409038,78.624890,14
1578,1.570796,1.700000,1579,16526.785020,430163.409038,78.624890,14
1579,1.570796,1.700000,1580,16526.785020,430163.409038,78.624890,14
1580,1.570796,1.700000,1581,16528.316856,430176.294841,78.624890,14
1581,1.570796,1.700000,1582,16528.316856,430176.294841,78.624890,14
1582,1.570796,1.700000,1583,16528.316856,430176.294841,78.624890,14
1583,1.570796,1.700000,1584,16532.110278,430190.684892,78.624890,14
1584,1.570796,1.700000,1585,16536.685700,430308.957960,78.624890,14
1585,1.570796,1.700000,1586,16546.581697,430380.036186,78.624890,14
1586,1.570796,1.700000,1587,16573.020528,431334.216147,78.624890,14
1587,1.570796,1.700000,1588,16586.800635,431713.188101,78.624890,14
1588,1.570796,1.700000,1589,16586.800635,431713.188101,78.624890,14
1589,1.570796,1.700000,1590,16597.581195,432312.975597,78.624890,14
1590,1.570796,1.700000,1591,16601.189862,432441.747044,78.624890,14
1591,1.570796,1.700000,1592,16618.908711,432795.502326,78.624890,14
1592,1.570796,1.700000,1593,16636.271443,433217.471945,78.624890,14
1593,1.570796,1.700000,1594,16639.205135,433226.078492,78.624890,14
1594,1.570796,1.700000,1595,16648.955426,433318.044936,78.624890,14
1595,1.570796,1.700000,1596,16663.276572,433741.073694,78.624890,14
1596,1.570796,1.700000,1597,16670.268064,433789.954665,78.624890,14
1597,1.570796,1.700000,1598,16670.268064,433789.954665,78.624890,14
1598,1.570796,1.700000,1599,16681.013923,434416.258585,78.624890,14
1599,1.570796,1.700000,1600,16681.013923,434416.258585,78.624890,14
1600,1.570796,1.700000,1601,16681.013923,434416.258585,78.624890,14
1601,1.570796,1.700000,1602,16681.013923,434416.258585,78.624890,14
1602,1.570796,1.700000,1603,16688.314206,434601.437689,78.624890,14
1603,1.570796,1.700000,1604,16688.314206,434601.437689,78.624890,14
1604,1.570796,1.700000,1605,16688.314206,434601.437689,78.624890,14
1605,1.570796,1.700000,1606,16688.314206,434601.437689,78.624890,14
1606,1.570796,1.700000,1607,16691.174572,434718.537994,78.624890,14
1607,1.570796,1.700000,1608,16691.174572,434718.537994,78.624890,14
1608,1.570796,1.700000,1609,16696.436651,434794.624477,78.624890,14
1609,1.570796,1.700000,1610,16701.940680,435072.074884,78.624890,14
1610,1.570796,1.700000,1611,16709.167014,435212.164972,78.624890,14
1611,1.570796,1.700000,1612,16713.654951,435294.724216,78.624890,14
1612,1.570796,1.700000,1613,16721.508233,435369.307451,78.624890,14
1613,1.570796,1.700000,1614,16721.508233,435369.307451,78.624890,14
1614,1.570796,1.700000,1615,16722.493849,435392.172220,78.624890,14
1615,1.570796,1.700000,1616,16722.493849,435392.172220,78.624890,14
1616,1.570796,1.700000,1617,16722.493849,435392.172220,78.624890,14
1617,1.570796,1.700000,1618,16722.493849,435392.172220,78.624890,14
1618,1.570796,1.700000,1619,16722.493849,435392.172220,78.624890,14
1619,1.570796,1.700000,1620,16737.352385,435794.013942,78.624890,14
1620,1.570796,1.700000,1621,16743.732176,435884.394733,78.624890,14
1621,1.570796,1.700000,1622,16746.437058,435945.233444,78.624890,14
1622,1.570796,1.700000,1623,16750.758090,436015.561794,78.624890,14
1623,1.570796,1.700000,1624,16755.107401,436034.478301,78.624890,14
1624,1.570796,1.700000,1625,16756.914632,436242.936256,78.624890,14
1625,1.570796,1.700000,1626,16756.914632,436242.936256,78.624890,14
1626,1.570796,1.700000,1627,16756.914632,436242.936256,78.624890,14
1627,1.570796,1.700000,1628,16756.914632,436242.936256,78.624890,14
1628,1.570796,1.700000,1629,16756.914632,436242.936256,78.624890,14
1629,1.570796,1.700000,1630,16756.914632,436242.936256,78.624890,14
1630,1.570796,1.700000,1631,16756.914632,436242.936256,78.624890,14
1631,1.570796,1.700000,1632,16765.290501,436325.090369,78.624890,14
1632,1.570796,1.700000,1633,16767.211696,436328.781361,78.624890,14
1633,1.570796,1.700000,1634,16767.211696,436328.781361,78.624890,14
1634,1.570796,1.700000,1635,16769.187912,436389.646556,78.624890,14
1635,1.570796,1.700000,1636,16769.187912,436389.646556,78.624890,14
1636,1.570796,1.700000,1637,16780.034110,436702.292138,78.624890,14
1637,1.570796,1.700000,1638,16780.034110,436702.292138,78.624890,14
1638,1.570796,1.700000,1639,16780.034110,436702.292138,78.624890,14
1639,1.570796,1.700000,1640,16780.034110,436702.292138,78.624890,14
1640,1.570796,1.700000,1641,16780.034110,436702.292138,78.624890,14
1641,1.570796,1.700000,1642,16780.034110,436702.292138,78.624890,14
1642,1.570796,1.700000,1643,16785.311603,436803.603130,78.624890,14
1643,1.570796,1.700000,1644,16789.835722,436888.712775,78.624890,14
1644,1.570796,1.700000,1645,16802.340815,437121.942471,78.624890,14
1645,1.570796,1.700000,1646,16810.323255,437344.191604,78.624890,14
1646,1.570796,1.700000,1647,16814.708855,437363.425088,78.624890,14
1647,1.570796,1.700000,1648,16814.708855,437363.425088,78.624890,14
1648,1.570796,1.700000,1649,16814.708855,437363.425088,78.624890,14
1649,1.570796,1.700000,1650,16814.708855,437363.425088,78.624890,14
1650,1.570796,1.700000,1651,16814.708855,437363.425088,78.624890,14
1651,1.570796,1.700000,1652,16814.708855,437363.425088,78.624890,14
1652,1.570796,1.700000,1653,16814.708855,437363.425088,78.624890,14
1653,1.570796,1.700000,1654,16814.708855,437363.425088,78.624890,14
1654,1.570796,1.700000,1655,16814.708855,437363.425088,78.624890,14
1655,1.570796,1.700000,1656,16814.708855,437363.425088,78.624890,14
1656,1.570796,1.700000,1657,16821.243439,437437.499055,78.624890,14
1657,1.570796,1.700000,1658,16821.243439,437437.499055,78.624890,14
1658,1.570796,1.700000,1659,16837.338087,438492.233321,78.624890,14
1659,1.570796,1.700000,1660,16838.323694,438503.415026,78.624890,14
1660,1.570796,1.700000,1661,16838.323694,438503.415026,78.624890,14
1661,1.570796,1.700000,1662,16838.323694,438503.415026,78.624890,14
1662,1.570796,1.700000,1663,16847.155829,438689.826786,78.624890,14
1663,1.570796,1.700000,1664,16847.155829,438689.826786,78.624890,14
1664,1.570796,1.700000,1665,16849.825967,438712.623146,78.624890,14
1665,1.570796,1.700000,1666,16849.825967,438712.623146,78.624890,14
1666,1.570796,1.700000,1667,16849.825967,438712.623146,78.624890,14
1667,1.570796,1.700000,1668,16849.825967,438712.623146,78.624890,14
1668,1.570796,1.700000,1669,16849.825967,438712.623146,78.624890,14
1669,1.570796,1.700000,1670,16855.539230,438745.264515,78.624890,14
1670,1.570796,1.700000,1671,16855.539230,438745.264515,78.624890,14
1671,1.570796,1.700000,1672,16871.112706,439208.048766,78.624890,14
1672,1.570796,1.700000,1673,16871.112706,439208.048766,78.624890,14
1673,1.570796,1.700000,1674,16871.112706,439208.048766,78.624890,14
1674,1.570796,1.700000,1675,16871.112706,439208.048766,78.624890,14
1675,1.570796,1.700000,1676,16871.112706,439208.048766,78.624890,14
1676,1.570796,1.700000,1677,16871.112706,439208.048766,78.624890,14
1677,1.570796,1.700000,1678,16871.112706,439208.048766,78.624890,14
1678,1.570796,1.700000,1679,16873.847743,439235.073870,78.624890,14
1679,1.570796,1.700000,1680,16873.847743,439235.073870,78.624890,14
1680,1.570796,1.700000,1681,16873.847743,439235.073870,78.624890,14
1681,1.570796,1.700000,1682,16873.847743,439235.073870,78.624890,14
1682,1.570796,1.700000,1683,16873.847743,439235.073870,78.624890,14
1683,1.570796,1.700000,1684,16873.847743,439235.073870,78.624890,14
1684,1.570796,1.700000,1685,16875.669979,439255.226026,78.624890,14
1685,1.570796,1.700000,1686,16875.669979,439255.226026,78.624890,14
1686,1.570796,1.700000,1687,16875.669979,439255.226026,78.624890,14
1687,1.570796,1.700000,1688,16875.669979,439255.226026,78.624890,14
1688,1.570796,1.700000,1689,16882.475335,439346.213517,78.624890,14
1689,1.570796,1.700000,1690,16882.475335,439346.213517,78.624890,14
1690,1.570796,1.700000,1691,16882.475335,439346.213517,78.624890,14
1691,1.570796,1.700000,1692,16894.194211,439423.986410,78.624890,14
1692,1.570796,1.700000,1693,16894.194211,439423.986410,78.624890,14
1693,1.570796,1.700000,1694,16894.194211,439423.986410,78.624890,14
1694,1.570796,1.700000,1695,16894.194211,439423.986410,78.624890,14
1695,1.570796,1.700000,1696,16894.194211,439423.986410,78.624890,14
1696,1.570796,1.700000,1697,16894.194211,439423.986410,78.624890,14
1697,1.570796,1.700000,1698,16894.194211,439423.986410,78.624890,14
1698,1.570796,1.700000,1699,16894.194211,439423.986410,78.624890,14
1699,1.570796,1.700000,1700,16894.194211,439423.986410,78.624890,14
1700,1.570796,1.700000,1701,16906.086883,439702.636914,78.624890,14
1701,1.570796,1.700000,1702,16906.086883,439702.636914,78.624890,14
1702,1.570796,1.700000,1703,16906.086883,439702.636914,78.624890,14
1703,1.570796,1.700000,1704,16906.086883,439702.636914,78.624890,14
1704,1.570796,1.700000,1705,16906.086883,439702.636914,78.624890,14
1705,1.570796,1.700000,1706,16906.086883,439702.636914,78.624890,14
1706,1.570796,1.700000,1707,16906.086883,439702.636914,78.624890,14
1707,1.570796,1.700000,1708,16906.086883,439702.636914,78.624890,14
1708,1.570796,1.700000,1709,16906.086883,439702.636914,78.624890,14
1709,1.570796,1.700000,1710,16906.086883,439702.636914,78.624890,14
1710,1.570796,1.700000,1711,16906.086883,439702.636914,78.624890,14
1711,1.570796,1.700000,1712,16917.864867,440092.925877,78.624890,14
1712,1.570796,1.700000,1713,16923.794706,440172.228280,78.624890,14
1713,1.570796,1.700000,1714,16923.794706,440172.228280,78.624890,14
1714,1.570796,1.700000,1715,16923.794706,440172.228280,78.624890,14
1715,1.570796,1.700000,1716,16923.794706,440172.228280,78.624890,14
1716,1.570796,1.700000,1717,16923.794706,440172.228280,78.624890,14
1717,1.570796,1.700000,1718,16923.794706,440172.228280,78.624890,14
1718,1.570796,1.700000,1719,16923.794706,440172.228280,78.624890,14
1719,1.570796,1.700000,1720,16928.318603,440260.217601,78.624890,14
1720,1.570796,1.700000,1721,16928.318603,440260.217601,78.624890,14
1721,1.570796,1.700000,1722,16928.318603,440260.217601,78.624890,14
1722,1.570796,1.700000,1723,16928.318603,440260.217601,78.624890,14
1723,1.570796,1.700000,1724,16933.501822,440287.083365,78.624890,14
1724,1.570796,1.700000,1725,16933.501822,440287.083365,78.624890,14
1725,1.570796,1.700000,1726,16933.501822,440287.083365,78.624890,14
1726,1.570796,1.700000,1727,19646.347009,478062.306945,78.624890,15
1727,1.570796,1.700000,1728,19798.782886,490753.477969,78.624890,15
1728,1.570796,1.700000,1729,19917.677073,500181.551076,78.624890,15
1729,1.570796,1.700000,1730,19945.026537,501821.970600,81.985615,15
1730,1.570796,1.700000,1731,20075.763130,511450.496349,81.985615,15
1731,1.570796,1.700000,1732,20130.856824,514857.794593,81.985615,15
1732,1.570796,1.700000,1733,20161.125754,516252.849380,81.985615,15
1733,1.570796,1.700000,1734,20195.390417,517381.660950,81.985615,15
1734,1.570796,1.700000,1735,20229.722518,518981.350678,81.985615,15
1735,1.570796,1.700000,1736,20344.495220,526657.047261,81.985615,15
1736,1.570796,1.700000,1737,20373.851351,528471.598337,81.985615,15
1737,1.570796,1.700000,1738,20440.119710,532816.137086,81.985615,15
1738,1.570796,1.700000,1739,20475.201368,534738.198153,81.985615,15
1739,1.570796,1.700000,1740,20560.119071,538583.736293,81.985615,15
1740,1.570796,1.700000,1741,20570.264578,538835.691955,81.985615,15
1741,1.570796,1.700000,1742,20582.498034,539204.057353,81.985615,15
1742,1.570796,1.700000,1743,20595.336583,539502.267040,81.985615,15
1743,1.570796,1.700000,1744,20612.450197,540162.561202,81.985615,15
1744,1.570796,1.700000,1745,20636.820792,541108.429718,81.985615,15
1745,1.570796,1.700000,1746,20690.070865,542983.052087,81.985615,15
1746,1.570796,1.700000,1747,20723.604276,544568.333904,81.985615,15
1747,1.570796,1.700000,1748,20736.474119,544880.836957,81.985615,15
1748,1.570796,1.700000,1749,20758.290847,545607.897652,81.985615,15
1749,1.570796,1.700000,1750,20758.290847,545607.897652,81.985615,15
1750,1.570796,1.700000,1751,21054.314576,565960.400260,83.088022,15
1751,1.570796,1.700000,1752,21091.452995,567409.385211,83.088022,15
1752,1.570796,1.700000,1753,21098.518252,567498.161703,83.088022,15
1753,1.570796,1.700000,1754,21132.288912,568937.381756,83.088022,15
1754,1.570796,1.700000,1755,21147.460347,569153.000567,83.088022,15
1755,1.570796,1.700000,1756,21168.675977,569900.721164,83.088022,15
1756,1.570796,1.700000,1757,21193.719663,571314.155261,83.088022,15
1757,1.570796,1.700000,1758,21234.592038,573708.874755,83.088022,15
1758,1.570796,1.700000,1759,21239.790022,573986.576742,83.088022,15
1759,1.570796,1.700000,1760,21318.895105,578182.660490,83.088022,15
1760,1.570796,1.700000,1761,21323.985948,578317.546790,83.088022,15
1761,1.570796,1.700000,1762,21343.770654,578979.059750,83.088022,15
1762,1.570796,1.700000,1763,21357.357361,579260.963070,83.088022,15
1763,1.570796,1.700000,1764,21392.901091,580463.768210,83.088022,15
1764,1.570796,1.700000,1765,21394.717310,580519.183770,83.088022,15
1765,1.570796,1.700000,1766,21398.400041,580578.393180,83.088022,15
1766,1.570796,1.700000,1767,21414.683956,580882.574563,83.088022,15
1767,1.570796,1.700000,1768,21439.830158,581935.619832,83.088022,15
1768,1.570796,1.700000,1769,21450.427306,582006.228230,83.088022,15
1769,1.570796,1.700000,1770,21469.957995,582345.552688,83.088022,15
1770,1.570796,1.700000,1771,21499.410293,583129.550801,83.088022,15
1771,1.570796,1.700000,1772,21500.309678,583136.489889,83.088022,15
1772,1.570796,1.700000,1773,21516.259520,583337.220218,83.088022,15
1773,1.570796,1.700000,1774,21526.199378,583437.971125,83.088022,15
1774,1.570796,1.700000,1775,21529.844710,583451.259573,83.088022,15
1775,1.570796,1.700000,1776,21534.173539,583500.088197,83.088022,15
1776,1.570796,1.700000,1777,21604.747407,589293.718836,85.790874,15
1777,1.570796,1.700000,1778,21647.347546,591747.863967,85.790874,15
1778,1.570796,1.700000,1779,21696.082103,594378.207514,85.790874,15
1779,1.570796,1.700000,1780,21739.406027,596637.181702,85.790874,15
1780,1.570796,1.700000,1781,21800.403969,599803.138802,85.790874,15
1781,1.570796,1.700000,1782,21837.028710,601484.217000,85.790874,15
1782,1.570796,1.700000,1783,21875.229093,603138.523873,85.790874,15